# Combined results from the directory /RESULTS/grid4D/results/
# par1	par2	par3	par4	r		xsect [mb]	xsecterr [mb]	nev
1000	1841	2014	922	3.88000829846	2.574e-10	4.606e-12	92665
1000	1000	1108	1	11.9778305922	1.143e-09	9.196e-11	411481
1000	2080	500	1	31.9344513324	9.616e-10	1.428e-11	346177
1000	1442	610	600	14.7121614253	6.503e-10	1.021e-11	234109
1000	1000	2014	1	65.4085137245	1.29e-09	6.341e-11	464401
1000	1276	1651	1	72.2268067923	5.868e-10	9.985e-12	211249
1000	1629	610	421	31.570004568	5.204e-10	7.489e-12	187345
1000	1276	744	658	19.0934203583	6.374e-10	9.226e-12	229465
1000	2350	3000	922	2.92063434816	2.08e-10	3.8e-12	74881
1000	2080	908	834	5.25939485127	2.108e-10	2.939e-12	75889
1000	1442	2458	922	2.2248914938	4.32e-10	7.385e-12	155521
1000	1629	1353	1	49.1207240745	3.233e-10	5.527e-12	116389
1000	3000	1353	922	1.0058112212	1.925e-10	3.527e-12	69301
1000	2350	908	1	12.8107443192	2.063e-10	2.675e-12	74269
1129	1000	2458	1	91.5485026883	8.831e-10	1.358e-11	317917
1000	2350	1651	922	3.01974828868	2.04e-10	3.638e-12	73441
1000	2080	2014	1	28.7756052919	2.28e-10	4.11e-12	82080
1000	3000	2458	922	1.02799128249	1.968e-10	3.483e-12	70849
1000	1841	1108	922	3.43948541143	2.654e-10	4.767e-12	95545
1000	2655	3000	1	15.3190066333	1.92e-10	3.488e-12	69121
1000	2080	1108	1	22.5611653744	2.315e-10	4.219e-12	83341
1129	1129	1108	1092	0.855391830164	6.399e-10	1.104e-11	230365
1000	3000	610	600	2.73017820781	4.279e-10	7.217e-12	154045
1129	1000	610	421	32.7092716609	1.076e-09	1.673e-11	387361
1129	1442	1353	1063	0.969734022705	2.561e-10	4.303e-12	92197
1000	1000	1108	784	5.72376563476	9.992e-10	6.444e-11	359713
1129	1129	908	786	5.0757113315	6.522e-10	1.116e-11	234793
1129	1629	3000	425	24.4417071411	1.683e-10	2.811e-12	60589
1000	2655	1651	1	11.5001540869	2.026e-10	3.738e-12	72937
1000	2655	744	658	2.9710623262	2.482e-10	3.468e-12	89352
1000	1276	1651	784	8.38441079968	5.912e-10	1.011e-11	212832
1000	1276	744	727	9.61878996419	6.348e-10	9.298e-12	228529
1000	1000	2014	784	10.889493435	1.283e-09	6.045e-11	461881
1129	1442	2014	959	2.66618664726	2.44e-10	3.882e-12	87841
1000	1629	1353	784	10.1736860234	3.234e-10	5.751e-12	116425
1000	1442	2458	983	4.29638859769	4.176e-10	7.502e-12	150337
1000	1442	744	491	63.342696829	4.764e-10	6.437e-12	171505
1129	1841	610	600	5.01391131844	3.651e-10	6.327e-12	131437
1276	1000	1651	953	1.43712555337	6.942e-10	1.167e-11	249913
1129	2080	908	898	2.21486626625	1.122e-10	1.639e-12	40393
1129	1841	2458	425	14.3519157686	1.257e-10	2.099e-12	45252
1129	1841	1353	959	2.86658539126	1.238e-10	2.177e-12	44569
1129	2080	1108	940	2.28414422194	9.603e-11	1.369e-12	34571
1129	1276	1651	1063	1.25551079518	3.688e-10	6.028e-12	132769
1129	1129	2014	1063	0.697221290655	5.502e-10	5.383e-11	198073
1129	2080	500	446	5.46997902971	5.645e-10	1.042e-11	203221
1129	2350	3000	1104	1.22944314684	8.556e-11	1.533e-12	30802
1129	3000	2014	1104	0.758998039696	7.472e-11	1.356e-12	26900
1129	1629	908	358	43.0638221617	1.813e-10	2.407e-12	65269
1129	2655	1353	425	6.70191878033	8.228e-11	1.511e-12	29621
1276	1442	1651	1266	0.356403171721	1.502e-10	2.503e-12	54073
1276	1129	1353	959	1.85574613541	3.714e-10	5.821e-12	133705
1276	1442	3000	1233	0.445608087878	1.539e-10	2.583e-12	55405
1129	3000	1108	416	4.82489144174	7.398e-11	9.618e-13	26633
1276	1129	2458	425	40.8890733614	3.905e-10	6.331e-12	140581
1276	1000	3000	953	1.43446368154	6.995e-10	1.194e-11	251821
1129	2080	2014	425	9.13975258616	1.018e-10	1.781e-12	36649
1276	2080	1651	1233	0.6005710164	4.501e-11	7.78e-13	16204
1129	2655	610	552	2.19248323786	1.954e-10	3.429e-12	70345
1000	2350	3000	983	2.32419974256	2.073e-10	3.842e-12	74629
1276	2080	3000	1093	2.01352331023	4.56e-11	7.664e-13	16417
1276	1276	500	446	40.8256898163	7.219e-10	1.322e-11	259884
1129	2350	1651	425	6.5461657334	8.571e-11	1.557e-12	30856
1276	2350	610	271	7.60252763172	2.449e-10	3.311e-12	88165
1276	1629	1353	1266	0.494636126933	9.577e-11	1.571e-12	34478
1276	1629	610	552	4.02271195322	2.013e-10	3.494e-12	72469
1276	1276	908	898	3.08301654868	2.925e-10	5.176e-12	105301
1276	1841	2014	1233	1.32054387557	6.44e-11	1.079e-12	23185
1629	3000	1108	1092	0.280682653879	7.636e-12	1.264e-13	2749
1841	1841	744	310	8.1687573351	7.525e-11	1.089e-12	27091
2655	1841	2014	1734	0.0412362723088	7.003e-12	1.133e-13	2522
1276	2655	2014	1093	1.13863045052	3.069e-11	5.534e-13	11049
3000	1129	3000	959	0.36891322503	9.788e-11	1.565e-12	35237
2080	1000	1353	640	3.01930296598	2.698e-10	4.209e-12	97129
1841	2350	2458	695	3.34319478574	3.406e-12	5.396e-14	1227
1442	1629	908	706	7.43199543509	7.246e-11	9.993e-13	26086
2655	1442	2014	1244	0.22050858493	3.058e-11	4.451e-13	11009
1629	1442	3000	1415	0.13971084757	7.659e-11	1.343e-12	27573
1629	1000	3000	983	2.24635123673	4.383e-10	8.026e-12	157788
1442	1129	908	863	3.55046882406	3e-10	4.596e-12	108001
1442	1841	1651	1117	2.38870538349	3.498e-11	5.695e-13	12593
2350	2080	500	214	2.53269716083	6.738e-10	8.935e-12	242568
1841	1276	1108	1083	0.851074305655	1.069e-10	1.534e-12	38485
1629	1129	1651	1023	1.06712650608	2.484e-10	4.02e-12	89425
2350	1129	1353	1119	0.844262291119	1.547e-10	2.803e-12	55693
2655	1841	1108	838	3.40641316645	1.044e-11	1.465e-13	3759
2655	1276	1353	1250	0.253387471965	6.753e-11	1.162e-12	24311
1442	1129	1108	416	32.9525991625	2.892e-10	4.297e-12	104113
2080	1442	2458	1117	0.568907637698	4.205e-11	6.021e-13	15139
1841	1629	908	881	7.75080764688	4.417e-11	7.032e-13	15902
1841	1276	3000	792	6.05024375812	9.993e-11	1.451e-12	35975
1276	1841	500	214	11.0359695447	7.281e-10	9.868e-12	262117
1442	2080	2014	565	10.5895959584	2.248e-11	3.768e-13	8093
3000	1841	500	490	3.99584594865	7.648e-10	1.437e-11	275329
1841	1841	1651	1587	0.0653395420829	1.542e-11	2.519e-13	5552
1629	2080	2458	1528	0.085009615986	1.138e-11	1.777e-13	4097
1442	2350	1108	1003	1.20417553637	1.874e-11	2.712e-13	6747
1442	1629	1108	1083	1.53541808853	5.968e-11	8.907e-13	21485
1629	1276	500	482	29.9011439705	8.742e-10	1.616e-11	314713
1442	2655	2458	1415	0.281661204912	1.184e-11	2.013e-13	4263
2080	1442	610	271	21.2653390986	2.458e-10	3.551e-12	88489
1442	2080	500	482	2.47478899798	7.672e-10	1.436e-11	276193
1629	1129	744	310	44.8368717302	3e-10	4.917e-12	108001
1442	2655	1353	524	1.30769233208	1.147e-11	1.45e-13	4130
1276	3000	2458	792	1.42261474441	2.887e-11	5.237e-13	10394
1629	1841	3000	1604	0.0348527719506	2.077e-11	3.169e-13	7478
2350	1276	500	1	24.9010176776	7.886e-10	1.195e-11	283897
1442	2350	908	1	5.51978985647	3.273e-11	4.67e-13	11783
1629	1442	1108	1003	1.58537446984	7.441e-11	1.083e-12	26788
1442	1841	744	310	10.0963875355	9.865e-11	1.465e-12	35515
1841	2655	908	881	0.442524786365	1.955e-11	3.438e-13	7039
1276	3000	1651	1093	0.639038602812	2.916e-11	5.21e-13	10498
1629	2350	3000	1604	0.462677136923	6.928e-12	1.16e-13	2495
1629	1000	908	706	4.23846030154	4.199e-10	6.258e-12	151165
1442	3000	500	406	1.21646114545	7.292e-10	1.197e-11	262513
1442	1442	1353	1281	0.376134645484	1.109e-10	1.964e-12	39925
1629	1129	2458	856	2.93473412711	2.217e-10	3.419e-12	79813
2655	1129	1651	1113	0.41298289397	1.327e-10	2.482e-12	47773
1442	3000	908	892	0.381646967419	2.919e-11	4.908e-13	10509
1629	1629	610	421	17.3966055901	2.472e-10	3.525e-12	88993
1442	3000	2014	1415	0.18187080697	1.032e-11	1.807e-13	3716
1442	1841	2458	565	8.65797710702	3.45e-11	5.911e-13	12421
3000	1129	2014	1063	0.260184843644	1.033e-10	1.686e-12	37188
2350	1629	2014	603	9.41981476155	1.782e-11	2.905e-13	6416
1442	2655	610	592	1.41299502209	2.415e-10	4.398e-12	86941
2655	2350	744	727	0.901487616763	7.061e-11	1.344e-12	25420
1841	1629	500	336	10.1661404114	7.457e-10	1.266e-11	268453
1442	1442	2458	1117	2.96812127794	1.07e-10	3.541e-12	38521
2655	1000	908	881	0.966513408979	2.373e-10	3.898e-12	85429
1442	2080	1353	1042	1.84564641291	2.153e-11	3.031e-13	7751
1629	2350	2014	1223	0.753597264143	6.994e-12	1.203e-13	2518
2080	3000	1108	940	0.0763130043758	4.506e-12	7.163e-14	1623
2080	1129	908	863	1.18161504473	1.757e-10	2.594e-12	63253
1000	1000	1108	400	19.4120007914	1.185e-09	7.051e-11	426600
1000	1000	1108	870	11.229025944	1.174e-09	8.426e-11	422641
1000	1000	2014	870	17.2589919175	1.288e-09	3.861e-11	463681
1000	1000	2014	400	63.4396782484	1.311e-09	5.546e-11	471960
1000	1000	1108	922	4.35048601497	1.156e-09	6.446e-11	416161
1000	1000	1108	640	4.86915672836	1.207e-09	9.33e-11	434521
1000	1000	2014	640	6.51501086102	1.312e-09	8.429e-11	472321
1000	1000	2014	922	25.3748100176	1.21e-09	6.516e-11	435601
1000	2655	3000	784	4.36002825736	1.992e-10	3.64e-12	71713
1000	2080	2014	784	7.41767827909	2.247e-10	4.056e-12	80893
1000	1841	1108	983	2.30245863943	2.703e-10	4.852e-12	97309
1000	3000	2458	983	1.34314036476	1.951e-10	3.585e-12	70237
1129	1442	500	490	18.2559561417	1.002e-09	1.802e-11	360721
1276	1841	1108	416	17.5629925553	6.412e-11	8.757e-13	23084
1129	2350	744	727	3.20742107943	1.535e-10	2.394e-12	55261
1000	1000	1108	953	5.54943192593	1.293e-09	6.66e-11	465481
1276	1129	610	600	19.4549146735	6.197e-10	1.049e-11	223093
1000	1000	2014	953	2.15617019294	1.236e-09	8.836e-11	444961
1000	1129	1108	400	64.7250792917	8.783e-10	1.427e-11	316189
1129	3000	500	214	8.56400862255	7.431e-10	9.723e-12	267517
1276	1629	2458	1233	0.462552081239	9.456e-11	1.532e-12	34042
1129	3000	908	863	0.785542035634	7.992e-11	1.13e-12	28772
1276	1276	1108	940	2.73158620317	2.72e-10	4.567e-12	97921
1276	1841	908	863	1.98597266051	6.823e-11	9.734e-13	24563
1442	1000	2458	640	8.69105623987	4.877e-10	7.245e-12	175573
1276	1000	908	358	44.8476161956	6.414e-10	9.435e-12	230905
1129	2655	2458	1104	1.03127881797	7.917e-11	1.445e-12	28502
1276	1442	744	727	8.09027159651	2.203e-10	3.525e-12	79309
1629	2655	1353	524	1.51157726402	5.155e-12	6.7e-14	1856
1442	1129	2014	1104	0.489905894927	3.226e-10	5.602e-12	116137
1276	2655	3000	792	2.93872679645	2.97e-11	5.175e-13	10692
1276	3000	744	310	6.76248521614	8.911e-11	1.16e-12	32080
1276	2350	1353	1233	0.538104265496	3.659e-11	6.456e-13	13173
1276	2350	2458	1093	1.8426846119	3.683e-11	6.454e-13	13259
1276	2080	744	658	2.12121990466	1.084e-10	1.651e-12	39025
2655	2350	3000	2252	0.00112175885765	1.05e-12	1.609e-14	379
1000	2350	908	706	5.08623028155	2.072e-10	2.715e-12	74593
1629	1276	2014	792	3.89787381174	1.269e-10	2.008e-12	45685
1629	2655	2458	1528	0.169047035244	4.425e-12	7.603e-14	1594
1276	2655	1108	1083	0.689248247043	3.311e-11	4.716e-13	11920
1276	1276	2014	1266	4.23611675338	2.667e-10	1.291e-11	96013
1841	1129	1353	1104	0.51297788662	2.059e-10	3.566e-12	74125
1442	1442	610	271	33.5333240717	3.136e-10	4.782e-12	112897
1629	1841	1108	1092	1.38226798834	2.514e-11	3.922e-13	9051
1442	1276	744	658	14.1686032098	2.332e-10	3.726e-12	83953
1442	1000	1353	640	8.48159640808	4.915e-10	6.837e-12	176941
1629	1276	1353	1093	1.23989137693	1.285e-10	1.996e-12	46261
3000	1276	1651	1163	0.217740153206	5.595e-11	8.973e-13	20143
1276	2655	908	706	3.37482730934	4.582e-11	6.001e-13	16496
1841	1000	3000	1	39.430787945	3.335e-10	4.713e-12	120061
1629	2080	1353	524	4.80401016005	1.199e-11	1.789e-13	4317
1442	2350	1651	565	4.97952284407	1.539e-11	2.643e-13	5541
1629	1442	1651	565	25.2817812254	7.198e-11	1.095e-12	25913
1129	1629	1651	959	4.1058204618	1.795e-10	3.081e-12	64621
2655	2655	1353	1336	0.2408222712	1.248e-12	2.217e-14	450
1841	2350	744	310	1.68805480085	6.53e-11	8.839e-13	23508
1442	1000	610	552	9.39583234276	6.344e-10	9.723e-12	228385
1442	3000	1108	838	1.39828404006	1.363e-11	1.756e-13	4907
1442	1129	500	214	59.2318749213	9.517e-10	1.37e-11	342613
2350	2080	2014	1999	0.00378637926215	3.514e-12	5.538e-14	1266
2655	1000	2014	640	1.98653584065	2.065e-10	2.863e-12	74341
1629	2350	1108	1092	0.842902764121	1.136e-11	1.796e-13	4090
1629	3000	3000	1604	0.0969673994863	3.545e-12	6.197e-14	1277
1841	2655	2014	1815	0.158523658397	1.937e-12	3.275e-14	698
2655	2655	2458	1476	0.219154666876	3.616e-13	5.466e-15	131
1841	1129	610	271	40.4789940697	3.995e-10	5.665e-12	143821
1629	1629	1353	524	17.8677690356	4.362e-11	7.71e-13	15704
3000	1629	3000	1528	0.0554802581368	1.377e-11	2.226e-13	4958
3000	3000	3000	2861	0.000816003205531	6.981e-14	3.323e-15	26
1629	2655	610	421	0.848555704304	2.114e-10	2.772e-12	76104
1629	1000	1651	983	1.34693639402	4.465e-10	7.899e-12	160741
2350	2655	2014	1793	0.0971760249642	4.993e-13	7.035e-15	180
2350	1841	3000	1127	2.64966390393	7.764e-12	1.049e-13	2796
2350	2655	1108	676	0.393247948645	4.215e-12	5.529e-14	1518
1442	2350	3000	1415	0.302675491367	1.493e-11	2.569e-13	5375
2080	1129	500	214	36.4891516649	8.108e-10	1.194e-11	291889
1629	1841	908	1	8.60637852403	3.884e-11	5.873e-13	13983
2080	1841	2458	1564	0.129409964586	9.737e-12	1.38e-13	3506
1442	1276	1651	1233	0.441639128145	1.792e-10	3.071e-12	64513
1841	3000	744	310	0.816787857883	6.155e-11	8.375e-13	22159
1841	1000	744	658	3.15947892926	3.988e-10	5.765e-12	143569
2655	2655	500	446	0.447112695462	4.801e-10	8.877e-12	172837
2655	1442	3000	908	2.50553194879	3.15e-11	4.494e-13	11341
1442	1276	3000	1093	0.978282514721	1.63e-10	2.233e-12	58681
1629	1841	2014	1223	1.91717114544	2.136e-11	3.364e-13	7690
1442	1629	3000	565	10.7046175874	6.055e-11	9.951e-13	21799
2350	3000	1353	524	0.209530303636	9.762e-13	1.257e-14	352
3000	2350	2014	1999	0.0148204952927	8.273e-13	1.089e-14	298
2350	2350	2458	2325	0.0419880810636	1.459e-12	8.222e-14	526
1841	2080	908	881	1.58943816057	2.42e-11	4.219e-13	8713
1629	2350	908	1	4.16283057881	2.431e-11	3.598e-13	8752
1442	1629	2014	1117	2.17771355623	5.994e-11	9.593e-13	21579
2655	2350	1108	1098	0.661007879865	5.362e-12	9.546e-14	1931
1629	1442	908	1	32.3509999976	8.851e-11	1.336e-12	31864
2655	2350	2014	1480	0.51721179161	9.687e-13	1.237e-14	349
2350	1629	908	898	5.53979382743	3.699e-11	6.127e-13	13317
2655	1129	744	694	2.33570903484	1.716e-10	2.755e-12	61777
2350	3000	500	490	0.34673299716	7.658e-10	1.448e-11	275689
1841	2080	1353	1042	1.65315452284	7.455e-12	9.754e-14	2684
2655	1000	1108	640	2.04701518067	2.091e-10	2.989e-12	75277
2080	1442	1353	1281	0.258700412332	4.285e-11	6.144e-13	15426
3000	1000	2458	1	20.871581859	1.902e-10	2.755e-12	68473
1000	1841	2014	983	2.3672483791	2.551e-10	4.521e-12	91836
3000	1442	500	490	11.8558872098	7.82e-10	1.465e-11	281521
2080	3000	3000	2064	0.0135114109388	4.317e-13	6.959e-15	156
2350	1442	744	596	12.2735610491	1.047e-10	1.69e-12	37693
1841	1629	2014	1613	0.0494341576209	3.145e-11	5.632e-13	11322
2655	3000	1651	1625	0.0384625153684	2.443e-13	4.266e-15	88
1841	1276	908	706	9.10900959706	1.203e-10	1.671e-12	43308
2655	2080	2458	2020	0.00648882100314	2.955e-12	4.812e-14	1064
3000	2080	1108	1043	1.60469948794	4.762e-12	7.983e-14	1715
3000	2655	610	552	0.234030650985	1.371e-10	2.529e-12	49357
2350	1276	1108	1098	0.548323210121	7.618e-11	1.027e-12	27425
1129	1629	1108	1043	1.0577171717	1.641e-10	2.159e-12	59077
1841	1442	1651	1117	0.890569739764	5.354e-11	7.898e-13	19275
2655	1841	3000	695	3.15479561262	6.766e-12	9.683e-14	2436
2655	2655	908	898	0.331422454398	1.832e-11	3.384e-13	6596
1629	2080	610	421	3.2151715924	2.166e-10	2.909e-12	77977
2350	1129	610	505	12.0201668811	3.54e-10	5.692e-12	127441
1841	2655	1353	1042	0.484667763454	2.628e-12	3.716e-14	947
3000	1276	2458	978	0.329128110289	5.268e-11	7.348e-13	18965
2350	2655	3000	2311	0.00205131422707	4.806e-13	6.837e-15	174
3000	2350	908	863	0.685549089618	1.531e-11	2.785e-13	5512
2080	3000	908	575	0.21038340615	1.677e-11	2.212e-13	6038
2080	2080	744	694	3.08878677836	5.684e-11	1.053e-12	20463
1841	1276	2014	1093	0.904588335557	9.706e-11	1.36e-12	34942
3000	1629	1651	603	6.81914642101	1.359e-11	2.066e-13	4893
2080	2080	1108	1083	2.41191457543	9.083e-12	1.545e-13	3270
1841	1000	1651	1	39.8324166288	3.358e-10	4.65e-12	120889
2080	2080	2014	1	3.320053703	5.464e-12	8.713e-14	1968
2655	1276	610	421	16.9190232413	2.678e-10	3.969e-12	96409
2655	1000	500	336	16.2058787902	9.148e-10	1.621e-11	329329
2655	2080	1651	1393	0.729520774829	2.77e-12	3.761e-14	998
1841	1442	2458	565	19.7404501482	5.372e-11	7.986e-13	19340
2350	3000	2458	1969	0.0249515338174	1.888e-13	3.126e-15	68
3000	2080	3000	1532	0.25015167744	2.308e-12	3.038e-14	831
2350	1276	2014	1207	0.491147629788	7.666e-11	1.241e-12	27598
1629	3000	2014	1223	0.369845848681	3.591e-12	6.277e-14	1293
2080	2655	1651	1610	0.0497601251422	8.977e-13	1.295e-14	324
1841	2080	2014	1815	0.0142836759077	7.026e-12	1.073e-13	2530
2350	1000	1651	640	2.44121414333	2.339e-10	3.051e-12	84204
3000	1841	2458	1127	1.59953547336	5.851e-12	8.032e-14	2107
3000	3000	744	727	0.0817472739714	6.809e-11	1.25e-12	24513
3000	2350	500	214	1.75927173846	6.72e-10	8.915e-12	241920
2080	1629	3000	1589	0.0831617522178	2.309e-11	3.998e-13	8313
1841	2080	500	336	1.66775842875	7.331e-10	1.178e-11	263917
3000	2080	744	596	1.68447744523	6.741e-11	1.077e-12	24268
2350	1841	1651	1625	0.0663405740493	7.996e-12	1.096e-13	2879
1841	2350	1651	1587	0.165142540369	3.072e-12	4.136e-14	1106
2080	2350	908	892	0.58294481025	2.067e-11	3.787e-13	7442
2080	2350	2014	719	0.756021240572	1.98e-12	2.872e-14	713
1841	1629	1353	1042	2.97519096564	2.789e-11	3.981e-13	10041
2655	1276	2458	1163	0.428738610729	6.576e-11	1.069e-12	23674
2080	1629	744	734	8.23490185786	9.06e-11	1.659e-12	32617
2350	2080	1353	1236	1.00740217098	4.231e-12	6.349e-14	1524
2080	1841	1353	1343	0.822763164836	1.102e-11	1.58e-13	3968
2080	2350	1353	1309	0.126135493636	2.351e-12	3.687e-14	847
2350	2350	1651	1549	0.497462415955	1.547e-12	2.479e-14	557
3000	1841	1353	1326	0.583798035986	6.895e-12	1.016e-13	2483
2080	2080	3000	1855	0.286846663382	4.958e-12	1.34e-13	1785
2655	1629	2458	1613	0.0495663426778	1.742e-11	3.244e-13	6272
2080	2655	610	600	0.515250941719	2.412e-10	4.429e-12	86833
1629	1629	2458	1528	0.88508843463	3.893e-11	1.478e-12	14015
3000	1000	610	421	10.1503058104	3.972e-10	6.198e-12	142993
2080	1129	2014	1104	0.570330197838	1.745e-10	2.962e-12	62821
2080	1276	744	658	9.2443079157	1.544e-10	2.432e-12	55585
1841	1442	744	310	23.7001932191	1.157e-10	1.879e-12	41653
2080	1629	2014	1	11.5620124776	2.222e-11	3.145e-13	8000
2350	1000	3000	640	2.504887755	2.337e-10	3.08e-12	84132
2350	1841	744	596	4.55450115336	7.003e-11	1.159e-12	25211
2350	1629	500	446	11.1647239062	4.993e-10	9.244e-12	179749
1841	2655	500	336	0.666907012196	7.129e-10	1.201e-11	256645
2350	1129	2458	1088	0.545803821199	1.415e-10	2.378e-12	50941
1129	1276	744	491	58.6489923617	4.252e-10	5.979e-12	153073
2080	1629	1108	1083	2.2832056446	2.575e-11	3.685e-13	9271
1841	1841	2458	695	4.5480888146	1.536e-11	4.736e-13	5530
1841	1129	2458	1023	1.44761799247	1.973e-10	3.291e-12	71029
1000	1629	2458	784	10.4206607751	3.242e-10	5.598e-12	116713
1000	1000	2014	972	10.2061588026	1.449e-09	5.76e-11	521641
1000	1000	1108	972	7.68196134073	1.3e-09	5.387e-11	468001
1129	1129	2014	1088	1.34687604367	5.085e-10	3.96e-11	183060
3000	3000	3000	2910	0.00362157266273	7.333e-14	2.27e-15	27
2350	2350	2458	2334	0.00948576353521	1.321e-12	8.648e-14	476
1276	1276	2014	490	27.094380949	2.572e-10	7.578e-12	92593
1629	1629	2458	1565	1.20586287649	4.27e-11	1.671e-12	15373
1442	1442	2458	1244	0.113024519381	8.785e-11	8.811e-12	31627
1841	1841	3000	1	6.24795876113	1.619e-11	4.895e-13	5829
2080	2080	3000	1935	0.104424181925	4.925e-12	1.88e-13	1774
1129	1129	2014	1104	5.60285063813	5.623e-10	3.459e-11	202429
2350	2350	2458	2340	0.0335438513692	1.386e-12	6.204e-14	499
1000	1000	1108	983	8.85635606364	1.367e-09	6.899e-11	492120
1000	1000	2014	983	1.02916478905	1.114e-09	1.24e-10	401041
1442	1442	2458	1322	0.350747415497	8.348e-11	8.624e-12	30053
2655	2350	3000	2288	0.000801976548776	1.074e-12	1.769e-14	387
2655	2655	1353	1343	0.230933324329	1.256e-12	2.217e-14	453
2655	2350	2014	1671	0.277661034363	9.871e-13	1.344e-14	356
3000	2080	3000	1729	0.03200689875	2.23e-12	2.998e-14	803
1841	2655	2014	1825	0.204704762845	1.906e-12	3.152e-14	687
2655	2655	2458	1837	0.143394355183	3.768e-13	5.999e-15	136
3000	2350	2014	2004	0.0143843760982	8.389e-13	1.104e-14	303
2080	3000	3000	2070	0.038411313896	4.331e-13	7.143e-15	156
2350	2350	1651	1587	0.384561395419	1.325e-12	2.145e-14	478
2350	2655	3000	2325	0.00185361297437	4.874e-13	7.12e-15	176
2655	3000	1651	1635	0.0188912560455	2.455e-13	4.11e-15	89
2655	2080	1651	1489	0.362487394968	2.821e-12	4.148e-14	1016
2655	2080	2458	2042	0.00585043531575	2.948e-12	4.795e-14	1062
2350	3000	1353	846	0.135197618182	9.809e-13	1.304e-14	354
2350	3000	2458	2108	0.0273467362913	1.908e-13	3.082e-15	69
2080	2350	1353	1326	0.305141273717	2.822e-12	4.352e-14	1016
2080	2350	2458	1	2.0408478374	2.198e-12	3.181e-14	792
2080	2655	1651	1625	0.0543381882265	9.499e-13	1.425e-14	342
1841	2655	1353	1163	0.278752341246	2.58e-12	3.531e-14	929
2350	2655	2014	1872	0.0515212650037	4.855e-13	6.627e-15	175
1841	2350	1651	1610	0.086035341374	3.335e-12	4.514e-14	1201
1629	1629	2458	1589	0.897219726448	3.842e-11	1.035e-12	13832
2350	2080	2014	2004	0.00835005670669	3.482e-12	5.896e-14	1254
3000	3000	3000	2942	0.00354339522424	7.442e-14	1.552e-15	27
1629	3000	3000	1613	0.102582393251	3.527e-12	6.325e-14	1270
1841	2350	3000	1	4.68523171431	3.941e-12	6.362e-14	1419
1276	1276	2014	792	7.99733660448	2.372e-10	1.108e-11	85393
1629	3000	2014	1373	0.23960185773	3.463e-12	6.058e-14	1247
2080	2080	3000	1987	0.157921810345	4.815e-12	1.537e-13	1734
2350	2080	1353	1281	1.2007962652	3.529e-12	5.293e-14	1271
1629	2655	2458	1565	0.101909024036	4.463e-12	7.616e-14	1607
2350	2655	1108	838	0.270360847885	4.284e-12	5.647e-14	1543
2080	3000	1353	1	0.447629801818	1.454e-12	2.099e-14	524
3000	2080	1108	1067	1.39459579421	6.277e-12	1.091e-13	2260
1841	1841	3000	1127	2.34121576812	1.407e-11	6.798e-13	5066
1629	2655	1353	846	1.25206792505	5.005e-12	6.7e-14	1802
2655	2350	1108	416	1.00402609465	4.863e-12	6.578e-14	1751
2080	2080	2014	1182	2.20441218858	5.106e-12	8.352e-14	1839
3000	1841	2458	1397	0.169584209772	5.623e-12	7.946e-14	2025
3000	1841	1353	1336	0.46274344003	6.599e-12	9.423e-14	2376
2655	1841	500	1	4.82930193531	7.19e-10	1.107e-11	258841
2655	1841	2014	1774	0.027914278145	6.901e-12	1.136e-13	2485
1629	2350	3000	1613	0.404026473034	6.913e-12	1.109e-13	2489
1841	2080	2014	1825	0.0178256960172	6.797e-12	1.057e-13	2447
1629	2350	2014	1373	0.806465061796	6.839e-12	1.159e-13	2463
2350	1841	3000	1397	0.253875152149	7.719e-12	1.097e-13	2779
1629	3000	1108	1098	0.274502004378	7.764e-12	1.258e-13	2796
1841	2080	1353	1163	0.987596939495	7.388e-12	1.025e-13	2660
2350	1841	1651	1635	0.0367205219204	7.996e-12	1.117e-13	2879
2080	2080	1108	1092	2.88526043085	9.55e-12	1.615e-13	3439
2080	1841	2458	1669	0.0550536289126	9.872e-12	1.323e-13	3554
1442	3000	2014	1425	0.217708176954	1.039e-11	1.866e-13	3741
2655	1841	1108	940	2.92307278532	1.077e-11	1.59e-13	3878
2080	1841	1353	524	5.50934098394	1.063e-11	1.517e-13	3827
1629	2080	2458	1565	0.098750674559	1.147e-11	1.827e-13	4130
1629	2350	1108	1098	0.558094597951	1.099e-11	1.707e-13	3957
1841	2655	2014	1831	0.15714055324	1.872e-12	3.084e-14	674
2080	3000	3000	746	0.55896874091	4.364e-13	7.163e-15	158
2655	2655	2458	2066	0.0481068275484	3.711e-13	5.616e-15	134
2655	2655	1353	524	0.446479417227	1.177e-12	1.732e-14	424
2655	2350	3000	2311	0.000518290617844	1.038e-12	1.658e-14	374
1442	2655	1353	846	1.58890148635	1.134e-11	1.424e-13	4083
2350	2350	1651	1610	0.528789163595	1.567e-12	2.484e-14	565
3000	2080	3000	1855	0.0105289854008	2.272e-12	3.04e-14	818
2655	2350	2014	1793	0.124634462952	9.885e-13	1.498e-14	356
3000	2350	2014	719	0.70789342392	8.792e-13	1.226e-14	317
1442	2655	2458	1425	0.240487673881	1.205e-11	2.098e-13	4339
2655	3000	1651	1641	0.0278687031109	2.43e-13	4.082e-15	88
2350	2655	3000	2334	0.00375903235523	4.779e-13	6.783e-15	173
2080	2350	1353	1336	0.208465806672	2.785e-12	4.341e-14	1003
2655	2080	1651	1549	0.274137789452	2.907e-12	4.251e-14	1047
2350	3000	1651	1	0.20724264186	4.561e-13	6.713e-15	165
2655	2080	2458	2055	0.00702236674074	2.962e-12	4.776e-14	1067
2080	2655	1651	1635	0.0647678895246	9.792e-13	1.401e-14	353
2350	3000	2458	2196	0.0125036239298	1.87e-13	3.055e-15	68
2080	2350	2458	1225	0.5015002747	1.997e-12	2.97e-14	719
1841	2655	1353	1236	0.131111895968	2.616e-12	3.741e-14	942
2350	2655	2014	1923	0.0307883386285	4.908e-13	6.663e-15	177
1629	2080	1353	846	3.72331745617	1.174e-11	1.556e-13	4227
1841	2350	1651	1625	0.0814456295712	3.36e-12	4.685e-14	1210
2350	2080	2014	719	2.70252743779	3.45e-12	5.004e-14	1243
1629	3000	3000	1619	0.176275391099	3.551e-12	6.127e-14	1279
1629	3000	2014	1468	0.132873730764	3.719e-12	6.651e-14	1339
1841	2350	3000	1127	0.865539992935	3.42e-12	5.357e-14	1232
3000	1629	3000	1565	0.0682294716694	1.396e-11	2.181e-13	5026
2080	3000	1353	1042	0.183712420686	1.208e-12	1.589e-14	435
3000	1629	1651	984	2.05152534109	1.323e-11	1.91e-13	4763
2350	2080	1353	1309	1.3080600956	4.023e-12	6.097e-14	1449
1442	3000	1108	940	0.794735308085	1.37e-11	1.978e-13	4933
1442	2350	3000	1425	0.316326172891	1.511e-11	2.494e-13	5440
2350	2655	1108	940	0.0980076077488	4.656e-12	7.67e-14	1677
1629	2655	2458	1589	0.0919907820242	4.55e-12	7.858e-14	1639
3000	2350	908	881	0.501184723541	1.81e-11	3.289e-13	6517
1841	1841	1651	1610	0.0615422117726	1.551e-11	2.561e-13	5584
1442	2350	1651	908	1.22520897725	1.519e-11	2.585e-13	5469
2655	2350	1108	676	0.885843394656	4.867e-12	6.638e-14	1753
1629	2655	1651	1	2.21451482525	5.076e-12	8.816e-14	1828
2080	2080	2014	1480	0.656866858307	4.947e-12	7.868e-14	1781
2080	3000	908	706	0.106072723159	1.65e-11	2.145e-13	5941
3000	2080	1108	1083	1.53888237252	6.683e-12	1.119e-13	2406
2655	1629	2458	1619	0.0617751835712	1.711e-11	3.227e-13	6160
3000	1841	2458	1564	0.0279720186082	5.658e-12	7.636e-14	2037
2350	1629	2014	984	2.84472409378	1.714e-11	2.558e-13	6171
1442	1276	1651	1260	0.305775551216	1.889e-10	3.297e-12	68004
2655	3000	1108	1	0.484820796563	4.357e-12	6.541e-14	1569
1442	2350	1108	1043	0.71606817282	1.107e-11	1.635e-13	3986
1841	1000	3000	400	22.2398921399	3.268e-10	4.527e-12	117649
3000	1841	1353	1343	0.472667849453	6.723e-12	9.812e-14	2421
1841	2655	908	892	0.654742976943	2.01e-11	3.597e-13	7237
1841	2080	2014	1831	0.0141927797746	6.805e-12	1.079e-13	2450
1629	2350	3000	1619	0.454234348861	6.866e-12	1.135e-13	2472
2655	1841	2014	1799	0.0154891879712	7.363e-12	1.262e-13	2651
1629	2350	2014	1468	0.289174902818	6.853e-12	1.102e-13	2468
2080	2350	908	898	0.609729114964	2.041e-11	3.812e-13	7348
1629	1841	3000	1613	0.0506334578399	2.11e-11	3.384e-13	7597
2350	1841	3000	1564	0.0595874075438	7.811e-12	1.069e-13	2812
1629	1841	2014	1373	0.62445639659	2.127e-11	3.349e-13	7658
1629	3000	1108	416	1.22243833098	7.397e-12	9.703e-14	2663
1841	2080	1353	1236	0.635793413174	7.466e-12	1.115e-13	2688
1442	2080	1353	1163	1.39909441333	2.101e-11	2.93e-13	7564
2080	1629	2014	1223	0.561831481778	2.084e-11	2.932e-13	7503
2350	1841	1651	1641	0.047998988618	7.879e-12	1.122e-13	2837
1442	2080	2014	908	2.99868242513	2.217e-11	3.546e-13	7982
2080	1629	3000	1604	0.0855221170181	2.303e-11	3.858e-13	8291
1841	2080	908	892	0.79190119463	2.43e-11	4.227e-13	8749
2080	2080	1108	1098	2.45385922878	9.453e-12	1.622e-13	3404
1629	2350	908	358	2.95223533384	2.329e-11	3.313e-13	8385
1629	1841	1108	1098	1.6630710931	2.45e-11	3.767e-13	8821
2080	1629	1108	1092	2.33434694452	2.653e-11	4.123e-13	9551
2080	1841	2458	1734	0.0382879327244	1.063e-11	1.707e-13	3827
1442	3000	2014	1432	0.356935289657	1.015e-11	1.722e-13	3655
2655	1841	1353	1	4.72940193078	8.189e-12	1.195e-13	2949
2080	1841	1353	846	5.12524026795	1.092e-11	1.652e-13	3932
1841	1629	1353	1163	0.775042687658	2.7e-11	3.709e-13	9721
2655	3000	1108	1003	0.0232094339988	4.118e-12	6.733e-14	1483
1629	2350	1108	416	4.47115490215	1.047e-11	1.444e-13	3770
1629	2080	2458	1589	0.122629329414	1.153e-11	1.873e-13	4151
1276	3000	2458	978	0.875158095071	2.885e-11	5.22e-13	10387
1442	3000	908	898	0.336116972296	2.829e-11	4.71e-13	10185
1442	2655	1651	1	4.25105540832	1.253e-11	2.251e-13	4511
1276	3000	1651	1163	0.296334946495	3.015e-11	5.533e-13	10855
1442	2655	2458	1432	0.416729329394	1.168e-11	2.058e-13	4205
1276	2655	3000	978	1.51666047057	3.127e-11	5.649e-13	11258
2655	1442	2014	1322	0.238381601124	3.46e-11	5.541e-13	12457
1629	2080	1651	1	9.10264076834	1.238e-11	2.065e-13	4457
1841	1629	2014	1619	0.0564566279763	3.078e-11	5.428e-13	11081
1276	2655	2014	1163	0.774739884661	3.119e-11	5.576e-13	11229
2655	1442	500	1	17.0371301003	7.389e-10	1.096e-11	266005
3000	1629	2014	1	7.10037850605	1.426e-11	2.244e-13	5134
3000	1629	3000	1589	0.0339844926573	1.428e-11	2.419e-13	5141
1276	2655	1108	1092	0.706258018691	3.286e-11	4.504e-13	11830
1442	2350	908	358	5.08357010273	3.164e-11	4.353e-13	11391
1442	3000	1353	1	1.37583646479	1.047e-11	1.372e-13	3770
1442	1841	2458	908	5.1585189615	3.513e-11	5.618e-13	12647
1442	1841	1651	1244	0.936621929892	3.602e-11	5.914e-13	12968
1442	2350	3000	1432	0.301339790966	1.454e-11	2.616e-13	5235
1276	2350	1353	1250	0.651632753897	3.662e-11	6.377e-13	13184
1442	2350	1108	1067	0.999326989864	1.702e-11	2.81e-13	6128
2350	1841	1108	1	5.69614154137	1.303e-11	1.944e-13	4691
1276	2350	2458	1163	1.08618739742	3.534e-11	5.915e-13	12723
1841	1841	1651	1625	0.0564692818136	1.545e-11	2.487e-13	5563
1442	2350	2014	1	8.87861089066	1.608e-11	2.813e-13	5789
3000	1000	2458	640	1.67997819733	1.779e-10	2.763e-12	64045
3000	2350	908	892	0.650703139371	1.921e-11	3.603e-13	6916
2655	1629	2458	603	8.05764174249	1.489e-11	2.019e-13	5361
2080	3000	908	786	0.0743072437957	1.817e-11	2.922e-13	6542
1629	1841	908	358	7.84331562524	3.692e-11	4.984e-13	13292
2350	1629	2458	1	9.6390504742	1.874e-11	2.845e-13	6747
2080	1442	2458	1244	0.307225837739	4.354e-11	5.83e-13	15675
2080	1442	1353	1309	0.273805123627	4.747e-11	8.029e-13	17090
1629	1629	1353	846	9.90765857862	4.417e-11	7.37e-13	15902
1841	1629	908	892	7.61160650721	4.738e-11	8.035e-13	17057
1276	2080	1651	1250	1.98739104009	4.664e-11	7.827e-13	16791
1841	2655	908	898	0.600676176287	2.019e-11	3.719e-13	7269
1276	2080	3000	1163	1.17615065086	4.514e-11	7.723e-13	16251
2080	2655	1108	1	0.888302422121	5.36e-12	9.32e-14	1930
1276	2655	908	786	1.51650044408	4.589e-11	6.632e-13	16521
1629	1841	3000	1619	0.0546432910787	2.082e-11	3.266e-13	7496
2080	1629	2014	1373	0.291947180745	2.118e-11	2.868e-13	7625
1629	1841	2014	1468	0.168976364157	2.054e-11	3.336e-13	7395
1442	2080	1353	1236	1.17044266921	2.114e-11	2.899e-13	7611
2080	1629	3000	1613	0.127748746658	2.462e-11	4.555e-13	8864
1442	2080	2458	1	16.1854398938	2.308e-11	3.874e-13	8309
3000	1276	3000	1	17.7526444401	5.549e-11	7.619e-13	19977
1841	1442	1651	1244	0.621471976985	5.269e-11	7.18e-13	18969
1841	1442	2458	908	4.81190015139	5.461e-11	7.894e-13	19660
1841	2080	908	898	0.813346262614	2.535e-11	4.537e-13	9127
1629	2350	908	575	1.91814522478	2.295e-11	3e-13	8263
3000	1276	1651	1207	0.142699995571	5.718e-11	8.985e-13	20585
2350	1841	1108	1003	3.55672002681	1.202e-11	1.931e-13	4328
2080	2080	744	715	3.09405451503	7.47e-11	1.384e-12	26893
1629	1841	1108	416	8.57314220647	2.505e-11	3.495e-13	9019
1000	1841	2014	953	2.81251896393	2.631e-10	4.815e-12	94717
2080	1629	1108	1098	2.09586243992	2.655e-11	3.94e-13	9559
1442	1629	2014	1244	0.6970183755	5.952e-11	9.904e-13	21428
1841	1629	1353	1236	0.545081277893	2.785e-11	4.103e-13	10027
1442	1629	1108	1092	1.73692658135	5.918e-11	8.919e-13	21305
1442	1629	3000	908	6.78107121066	5.929e-11	9.527e-13	21345
1841	3000	744	491	0.383628894197	6.26e-11	8.235e-13	22536
1629	1000	1108	1	48.9542806629	3.981e-10	5.978e-12	143317
1276	1841	2014	1250	1.50441311808	6.379e-11	1.079e-12	22965
1276	3000	3000	1	3.86935398311	2.893e-11	5.279e-13	10415
2655	1276	2458	1207	0.252958282476	6.42e-11	1.046e-12	23113
1276	1841	1108	676	15.6364900384	6.319e-11	1.095e-12	22749
1276	3000	1651	1207	0.361055645969	2.915e-11	5.241e-13	10495
2655	1276	1353	1260	0.249527465406	7.09e-11	1.286e-12	25524
1841	1629	2014	603	14.0110689657	2.802e-11	4.423e-13	10088
1841	2350	744	491	1.14922098116	6.501e-11	8.623e-13	23404
3000	3000	744	734	0.137926343503	7.044e-11	1.303e-12	25359
1276	2655	500	1	8.25286286516	7.618e-10	1.139e-11	274249
3000	2080	744	658	1.91762848409	6.645e-11	1.055e-12	23923
1276	2655	2014	1207	0.493596574446	2.993e-11	5.437e-13	10775
2655	2350	744	734	0.879349987833	6.933e-11	1.28e-12	24959
1276	1841	908	881	2.27188182072	7.952e-11	1.222e-12	28628
2655	1442	2014	1369	0.186482401632	3.375e-11	5.599e-13	12151
2350	1841	744	658	3.85048505366	7.212e-11	1.188e-12	25964
1629	1442	1651	908	5.73187680806	7.066e-11	1.038e-12	25438
1276	2655	1108	1098	0.781111334055	3.303e-11	4.659e-13	11891
1442	2350	908	575	3.49911173216	3.062e-11	4.151e-13	11024
1129	3000	2014	1113	0.756371177682	7.739e-11	1.389e-12	27861
1629	1442	1108	1043	1.26137909045	6.655e-11	9.618e-13	23959
1129	3000	1108	676	0.918805119744	7.494e-11	9.67e-13	26979
2350	1276	1108	416	20.7915004493	7.671e-11	1.034e-12	27616
2350	1276	2014	1233	0.261658882587	7.946e-11	1.369e-12	28606
1629	1442	3000	1425	0.126521785094	7.914e-11	1.449e-12	28491
1442	1629	908	786	5.67201110108	7.536e-11	1.115e-12	27130
1841	1841	744	491	6.17245552596	7.75e-11	1.115e-12	27901
1442	1841	3000	1	27.2076386181	3.611e-11	5.699e-13	13000
1442	1841	1651	1322	0.512164920114	3.487e-11	5.71e-13	12554
1129	2655	2458	1113	1.1077182593	8.073e-11	1.458e-12	29063
1276	2350	2458	1207	0.851588963315	3.574e-11	6.34e-13	12867
1276	2350	1353	1260	0.634043684796	3.69e-11	6.47e-13	13285
1129	3000	908	881	0.681233416173	8.722e-11	1.244e-12	31400
1129	2350	3000	1113	1.21952065064	8.692e-11	1.575e-12	31292
1629	1841	908	575	5.31523705375	3.741e-11	5.097e-13	13468
1129	2655	1353	690	4.23648525644	7.836e-11	1.468e-12	28210
1129	2350	1651	690	6.40913351102	8.683e-11	1.558e-12	31259
2080	1629	908	1	11.7336272947	3.841e-11	5.669e-13	13828
1629	1442	908	358	25.48945309	8.734e-11	1.23e-12	31443
2080	1442	2458	1322	0.290710417806	4.693e-11	8.287e-13	16895
1276	3000	744	491	3.63170538838	8.83e-11	1.143e-12	31789
1276	1629	2458	1250	0.4914442786	9.646e-11	1.608e-12	34726
1276	1629	1353	490	16.4603600384	9.532e-11	1.505e-12	34316
1629	1629	1651	1	13.8057558092	4.202e-11	1.056e-12	15128
2080	1442	1353	1326	0.281602479634	4.836e-11	7.82e-13	17410
3000	1129	500	1	26.2589104682	8.088e-10	1.241e-11	291169
1841	1276	2014	1163	0.559922876828	1.114e-10	1.833e-12	40105
1841	1629	908	898	7.73894524339	4.586e-11	7.044e-13	16510
1276	2080	3000	1207	0.882679867029	4.591e-11	7.661e-13	16528
1276	2080	1651	1260	2.11953896942	4.561e-11	7.819e-13	16420
1129	2080	1353	1	18.5169063955	1.011e-10	1.801e-12	36397
1841	1276	3000	978	1.53123205066	1.002e-10	1.473e-12	36073
1276	2655	908	834	0.851912149427	2.539e-11	3.289e-13	9141
1442	1841	744	491	6.69055964218	9.679e-11	1.328e-12	34845
1129	2080	2014	690	10.3417467127	1.006e-10	1.859e-12	36217
2350	1442	744	658	10.8133854865	1.005e-10	1.554e-12	36181
1841	1276	1108	1092	0.784046300692	1.053e-10	1.637e-12	37909
1442	1442	1353	1309	0.40115738266	1.137e-10	1.977e-12	40933
1276	2080	744	694	1.53367749523	8.851e-11	1.506e-12	31864
1841	1442	1651	1322	0.249012344825	5.743e-11	8.982e-13	20675
3000	1276	3000	1093	0.228395200869	5.211e-11	6.714e-13	18760
1129	2350	1108	1	14.9213327865	8.398e-11	1.168e-12	30233
1841	1442	3000	1	29.1950488339	5.319e-11	7.786e-13	19149
3000	1276	1651	1233	0.137768523966	5.837e-11	9.93e-13	21014
1841	1442	744	491	20.5791783701	1.143e-10	1.679e-12	41149
1841	1276	908	786	5.75447287165	1.212e-10	1.821e-12	43633
1129	1841	1651	1	36.153863659	1.28e-10	2.272e-12	46081
1629	1276	2014	978	2.39527169737	1.262e-10	1.744e-12	45432
1442	1629	2014	1322	0.342117870228	5.9e-11	9.525e-13	21241
1629	1276	1353	1163	0.860909461126	1.354e-10	2.23e-12	48744
1442	1629	1108	1098	2.08579858238	6.185e-11	8.357e-13	22267
1129	1841	2458	690	8.57139309855	1.225e-10	2.115e-12	44101
1442	1629	500	1	13.6514783413	7.636e-10	1.13e-11	274897
2655	1129	1651	1119	0.632911398514	1.297e-10	2.393e-12	46693
1841	3000	744	596	0.300450473347	6.653e-11	1.072e-12	23951
2655	1276	2458	1233	0.229961951061	6.687e-11	1.125e-12	24074
1276	1841	2014	1260	1.58908037471	6.281e-11	1.148e-12	22612
2080	1629	908	358	9.73711046078	3.866e-11	5.501e-13	13918
3000	2655	610	577	0.152884624988	2.211e-10	4.051e-12	79597
2080	2080	744	727	2.7884976257	7.132e-11	1.319e-12	25676
1276	1841	1108	838	10.5949140609	6.496e-11	9.138e-13	23386
3000	2080	744	694	1.75107058745	5.207e-11	9.499e-13	18746
1841	2350	744	596	0.752844160207	6.614e-11	1.068e-12	23811
2350	1129	2458	1104	0.621804389606	1.452e-10	2.583e-12	52273
2655	1276	1353	1266	0.317601033405	7.229e-11	1.361e-12	26025
3000	3000	908	1	0.771354185378	1.74e-11	2.51e-13	6265
2655	2350	908	1	1.33143163773	1.846e-11	2.736e-13	6646
1629	1442	1108	1067	1.11927124544	7.385e-11	1.127e-12	26586
1629	1442	2014	1	36.0720098709	7.238e-11	1.111e-12	26057
2350	1841	744	694	3.56160084538	5.826e-11	1.076e-12	20974
1276	1442	1651	490	23.2315190375	1.545e-10	2.612e-12	55621
2350	1129	1353	425	15.7882633713	1.322e-10	1.809e-12	47593
2080	1276	744	694	8.00904003243	1.357e-10	2.138e-12	48853
1276	1442	3000	1250	0.333890247591	1.495e-10	2.277e-12	53821
1129	3000	2014	1119	1.19218777356	7.862e-11	1.403e-12	28304
2350	1276	1108	676	7.43400568805	7.659e-11	1.153e-12	27573
1276	1841	908	892	2.98276445514	8.14e-11	1.216e-12	29305
1129	3000	1108	838	0.751285915929	7.331e-11	9.441e-13	26392
1129	2350	744	734	2.07844571794	1.538e-10	2.418e-12	55369
2350	1276	2014	1250	0.317627746989	7.779e-11	1.307e-12	28005
1629	1442	3000	1432	0.136084570986	7.902e-11	1.395e-12	28448
1442	1629	908	834	1.93737837472	3.674e-11	6.052e-13	13227
1841	1841	744	596	5.93331412762	7.839e-11	1.272e-12	28221
1442	1276	3000	1163	0.592137510984	1.808e-10	2.883e-12	65089
1129	2655	2458	1119	1.64822230139	7.972e-11	1.429e-12	28700
1129	1841	744	1	34.19144951	1.917e-10	2.74e-12	69013
2655	1129	744	715	2.1024470257	1.893e-10	3.169e-12	68149
1129	1629	1108	1067	1.61047061593	1.611e-10	2.152e-12	57997
2080	1129	2014	1113	0.63638223145	1.795e-10	3.341e-12	64621
1129	1629	3000	690	12.3029613294	1.687e-10	2.874e-12	60733
1129	2655	1353	856	2.09725172571	8.298e-11	1.476e-12	29873
2080	1129	908	881	1.18450152343	1.783e-10	2.726e-12	64188
1129	2350	3000	1119	1.85190860127	8.837e-11	1.594e-12	31814
1129	3000	908	892	0.803197795018	8.727e-11	1.281e-12	31418
1442	1276	1651	1250	0.241465656243	1.825e-10	2.983e-12	65701
1129	2350	1651	856	3.69970586232	8.925e-11	1.632e-12	32131
1129	1629	2014	1	55.9391788053	1.75e-10	3.067e-12	63000
1629	1442	908	575	20.6020166824	8.491e-11	1.269e-12	30568
3000	1000	2458	400	10.7136496664	1.812e-10	2.407e-12	65233
1276	3000	744	596	2.17729434869	9.317e-11	1.42e-12	33542
1129	1629	908	575	36.0200833121	1.759e-10	2.547e-12	63325
1000	3000	1353	953	1.17559044484	1.973e-10	3.635e-12	71029
1841	1129	2458	1063	1.18712803348	2.003e-10	3.26e-12	72109
1276	1629	2458	1260	0.51435390616	9.528e-11	1.525e-12	34301
1129	2655	610	577	2.60880955059	2.965e-10	5.101e-12	106741
1276	1629	1353	792	11.451413484	9.917e-11	1.658e-12	35702
1000	2080	908	863	3.65378324564	2.2e-10	2.93e-12	79201
2655	1000	2014	784	0.938014251243	2.052e-10	2.78e-12	73873
1841	1129	1353	1113	0.543956871118	2.135e-10	4.059e-12	76861
1841	1276	500	1	35.1554177128	8.302e-10	1.287e-11	298873
2655	1000	1108	784	0.85429866911	2.064e-10	2.936e-12	74305
1276	1629	610	577	6.32063891052	3.112e-10	5.502e-12	112033
1000	2350	1651	953	1.99409191515	2.036e-10	3.681e-12	73297
1276	2080	744	715	1.90112684512	1.151e-10	1.91e-12	41437
1129	2350	1108	1003	1.68698271539	8.522e-11	1.156e-12	30680
1442	1841	744	596	2.81844010596	9.885e-11	1.566e-12	35587
1841	1276	2014	1207	0.479643579427	1.098e-10	1.794e-12	39529
1129	2080	2014	856	4.53951066551	1.003e-10	1.74e-12	36109
2350	1442	744	694	9.54326084203	8.826e-11	1.542e-12	31774
1129	2080	1353	1023	2.1610466044	1.039e-10	1.79e-12	37405
1000	2655	1651	400	9.24520252565	1.984e-10	3.59e-12	71425
1841	1276	1108	1098	0.705694486353	1.047e-10	1.639e-12	37693
1629	2655	610	505	0.928859637407	2.271e-10	3.769e-12	81757
1629	1129	2458	959	1.98493086193	2.259e-10	3.147e-12	81325
1629	2080	610	505	2.46581761369	2.328e-10	3.976e-12	83808
1276	1442	744	734	10.3542438818	2.204e-10	3.524e-12	79345
1442	1442	1353	1326	0.368856826456	1.141e-10	1.999e-12	41077
1000	1841	1353	400	17.3489614403	2.693e-10	4.812e-12	96949
2655	1000	908	892	0.973403954825	2.42e-10	3.969e-12	87121
2350	1000	1651	784	1.40817662612	2.354e-10	3.074e-12	84745
2350	1000	3000	784	1.43373486061	2.331e-10	3.013e-12	83917
1442	1276	744	694	12.8654300788	2.136e-10	3.389e-12	76897
2080	2655	744	1	1.77052474126	6.544e-11	9.775e-13	23559
1442	2655	610	600	2.32299242395	2.41e-10	4.37e-12	86761
1841	1442	744	596	17.1132941402	1.134e-10	1.774e-12	40825
1000	2655	744	694	2.13357979676	2.087e-10	3.071e-12	75133
2350	1129	1353	856	0.872089711495	1.364e-10	1.977e-12	49104
1000	2080	1108	400	20.0691219092	2.284e-10	4.153e-12	82225
1629	1129	1651	1063	0.965520772361	2.486e-10	3.937e-12	89497
1841	1276	908	834	2.54446447244	1.09e-10	1.507e-12	39241
1000	1629	1353	953	4.32948944804	3.149e-10	5.37e-12	113365
1000	1442	1651	972	2.13844313146	4.2e-10	7.22e-12	151201
1000	2080	2014	953	2.04107346002	2.172e-10	3.934e-12	78193
1000	1129	1108	870	4.12817646169	8.808e-10	1.55e-11	317089
1129	1442	2458	1	37.9826592052	2.401e-10	4.125e-12	86437
2080	1442	610	421	17.6304787862	2.495e-10	3.49e-12	89821
1276	2350	610	421	4.22139337941	2.411e-10	3.332e-12	86797
1629	1629	610	505	16.7169409325	2.702e-10	4.574e-12	97273
1629	1276	2458	1	44.8601090418	1.278e-10	1.93e-12	46009
2655	1129	1651	425	12.9803671652	1.141e-10	1.551e-12	41077
1129	1442	1353	1088	0.674024353255	2.422e-10	3.782e-12	87193
1129	1841	2458	856	7.52858209212	1.222e-10	2.06e-12	43993
1129	1841	1651	1023	2.06193098594	1.291e-10	2.3e-12	46477
1000	1841	1353	870	4.48982122787	2.63e-10	4.629e-12	94681
1629	1276	1353	1207	0.401670628224	1.392e-10	2.326e-12	50113
2655	1276	610	505	13.819959597	2.89e-10	5.061e-12	104041
2080	1000	1353	784	1.88807776759	2.755e-10	3.779e-12	99180
1000	3000	2458	990	2.0849286871	1.978e-10	3.593e-12	71209
1276	1276	1353	1	11.1990848322	2.478e-10	1.46e-11	89209
1000	3000	2458	953	1.15802183575	1.926e-10	3.493e-12	69337
1276	1276	1353	1093	0.355209967105	2.303e-10	1.851e-11	82909
1000	2655	3000	400	11.5451438915	1.955e-10	3.561e-12	70381
1000	2655	3000	870	2.7204573918	1.938e-10	3.55e-12	69769
1129	2350	908	358	17.1149810253	9.505e-11	1.254e-12	34218
1629	1276	610	271	40.7597337448	3.334e-10	5.026e-12	120024
1000	1442	2014	1	51.791487895	4.324e-10	7.174e-12	155664
1000	2655	3000	953	1.61411583515	1.979e-10	3.608e-12	71245
2350	1129	2458	1113	0.616428877925	1.568e-10	2.817e-12	56449
2350	1129	1353	690	2.77600988073	1.384e-10	1.949e-12	49825
1000	2350	3000	990	3.46787701089	1.983e-10	3.586e-12	71389
1442	1129	1108	676	6.73473190753	2.876e-10	4.244e-12	103537
1276	1442	1108	1	43.6988698805	1.54e-10	2.263e-12	55441
2080	1276	744	715	7.3822893819	1.538e-10	2.651e-12	55369
1000	2350	3000	953	1.99265503697	2.051e-10	3.677e-12	73837
1442	1129	908	881	3.43428649122	3.084e-10	4.54e-12	111025
1629	1129	744	491	21.9075155347	2.918e-10	4.706e-12	105049
1000	2350	908	786	5.1124323451	2.052e-10	2.784e-12	73873
1000	2350	908	358	10.2454935454	2.078e-10	2.767e-12	74809
1000	2350	908	863	2.75759117826	2.033e-10	2.817e-12	73189
1276	1442	3000	1260	0.368547736943	1.509e-10	2.42e-12	54325
2080	2655	744	310	0.799188286338	6.125e-11	8.307e-13	22051
1276	1442	1651	792	13.1834072763	1.521e-10	2.488e-12	54757
1442	1129	2014	1113	0.520451108506	3.255e-10	5.948e-12	117181
1442	1442	610	421	25.7335808892	3.129e-10	4.492e-12	112645
1000	1442	3000	400	54.6174521556	4.317e-10	7.694e-12	155413
1000	1629	2458	990	5.47538645893	3.146e-10	5.344e-12	113256
1000	2350	908	898	2.89206078307	2.057e-10	2.824e-12	74053
1000	1629	1353	990	5.67679363346	3.298e-10	5.689e-12	118728
1129	2350	908	1	20.6712436282	1.003e-10	1.394e-12	36109
1841	1000	1651	400	22.6411934723	3.34e-10	4.493e-12	120241
1129	1629	1108	1083	2.10662162915	1.601e-10	2.289e-12	57637
1000	2080	2014	870	4.80114963909	2.267e-10	3.902e-12	81613
1442	1276	3000	1207	0.601469538109	1.811e-10	2.922e-12	65197
1129	1629	3000	856	6.48813435927	1.679e-10	2.793e-12	60445
2080	1129	2014	1119	0.964537934573	1.76e-10	3.351e-12	63361
1000	1841	2014	990	7.16141698211	2.705e-10	4.886e-12	97381
3000	2655	610	592	0.379631183104	2.401e-10	4.405e-12	86437
1442	1276	744	727	11.7013920502	2.374e-10	3.983e-12	85464
2080	1129	908	892	1.1988103416	1.773e-10	2.697e-12	63828
2350	1129	610	552	10.0412495354	2.818e-10	4.669e-12	101449
2655	1129	744	727	1.91816508019	1.928e-10	3.112e-12	69409
2350	1129	2458	1119	0.921824821733	1.488e-10	2.85e-12	53569
1000	1442	744	694	6.82292396916	4.064e-10	5.817e-12	146305
1000	1276	1651	953	1.64803544357	5.934e-10	1.001e-11	213625
1129	1629	2014	1023	1.34570887819	1.689e-10	2.864e-12	60805
1000	2080	2014	400	12.9684133573	2.201e-10	3.944e-12	79237
1129	1276	1651	1088	1.01382654318	3.749e-10	6.251e-12	134965
1276	1129	1651	1	95.4968321858	4.061e-10	5.84e-12	146197
1129	1629	908	706	21.670511128	1.815e-10	2.639e-12	65341
1276	1129	2458	690	7.40130603708	3.872e-10	5.56e-12	139393
3000	1000	610	505	3.90984629882	4.02e-10	6.588e-12	144721
1000	3000	1353	972	1.24976990846	1.89e-10	3.346e-12	68040
1841	1000	744	694	2.75705229595	3.83e-10	5.463e-12	137881
1841	1129	2458	1088	0.82049986809	2.022e-10	3.591e-12	72793
2655	1000	2014	870	0.90640691654	2.018e-10	2.756e-12	72649
1841	1129	610	421	21.4504713683	4.058e-10	6.027e-12	146089
2655	1000	1108	870	0.816879090846	2.071e-10	2.754e-12	74557
1000	2655	3000	990	2.80525185518	2.013e-10	3.713e-12	72469
2350	1129	2458	856	0.994097635337	1.293e-10	1.722e-12	46549
1000	1841	1353	972	2.06501410996	2.595e-10	4.58e-12	93421
1000	1629	3000	640	12.3305303205	3.19e-10	5.35e-12	114840
1000	1629	1651	640	12.7680758433	3.241e-10	5.769e-12	116677
1000	2350	1651	972	2.14141128649	1.997e-10	3.572e-12	71893
1841	1129	1353	1119	0.814233698818	2.156e-10	3.957e-12	77617
1629	1000	908	786	3.28973102079	4.243e-10	6.507e-12	152749
1000	2655	1651	640	6.4498480092	1.962e-10	3.63e-12	70633
1629	1000	3000	990	1.60218994623	4.394e-10	8.087e-12	158185
1000	3000	744	1	33.2330251994	2.449e-10	3.38e-12	88165
1129	2350	908	575	13.853506171	9.707e-11	1.276e-12	34946
1000	2080	908	881	3.48780349074	2.182e-10	2.985e-12	78553
1629	1000	1651	990	1.68618376684	4.459e-10	8.362e-12	160525
1629	1129	3000	1	63.8861760848	2.315e-10	3.374e-12	83341
1629	2655	610	552	0.270051190434	1.443e-10	2.665e-12	51949
1129	1276	744	596	32.2533536232	4.258e-10	6.068e-12	153289
1276	1129	2458	856	5.11016972138	3.983e-10	5.6e-12	143389
1276	1442	908	1	51.4269167632	1.677e-10	2.392e-12	60373
1276	1442	1108	1003	3.80603002684	1.5e-10	2.305e-12	54001
1000	2655	744	715	1.91030298228	2.485e-10	3.623e-12	89461
1629	2080	610	552	1.41453738259	1.503e-10	2.752e-12	54109
2350	1000	3000	870	1.4252763831	2.301e-10	3.088e-12	82837
2655	1000	908	898	0.9508374365	2.398e-10	3.894e-12	86328
2655	2655	500	469	0.336996891324	7.481e-10	1.382e-11	269317
2350	1000	1651	870	1.35914928601	2.35e-10	3.227e-12	84601
1000	1129	2458	1	78.9626047965	8.702e-10	1.445e-11	313273
1000	1841	1651	1	38.103132062	2.516e-10	4.392e-12	90576
1442	2655	744	1	4.3046967319	7.808e-11	1.124e-12	28109
1442	1000	2458	784	5.80031720065	4.714e-10	7.791e-12	169705
1442	1276	744	715	12.0872477598	2.332e-10	3.85e-12	83953
1442	1000	1353	784	5.53505493717	4.793e-10	7.052e-12	172549
1000	1442	3000	870	3.22520433532	4.212e-10	7.016e-12	151633
1000	2080	1108	640	11.1647555974	2.302e-10	4.171e-12	82873
1629	1129	1651	1088	0.908392399531	2.476e-10	4.153e-12	89137
2350	1629	500	469	11.0940972929	7.597e-10	1.449e-11	273493
1129	2655	610	592	2.7327036134	3.174e-10	5.577e-12	114265
1129	1442	2458	1023	1.04214634557	2.449e-10	3.857e-12	88165
1000	3000	3000	400	10.9496187493	1.957e-10	3.677e-12	70453
2350	1129	3000	1023	1.08103682945	1.43e-10	2.278e-12	51481
1129	1442	1353	1104	0.751980383368	2.434e-10	4.333e-12	87625
2080	1442	610	505	14.9969897547	2.603e-10	4.381e-12	93709
1276	2350	610	505	3.34391990894	2.587e-10	4.109e-12	93133
1000	1841	1108	990	2.35498189906	2.65e-10	4.677e-12	95401
1276	1629	610	592	7.44999511763	3.217e-10	5.705e-12	115812
2350	1129	1353	959	0.868556532263	1.319e-10	1.81e-12	47485
1000	1629	610	505	15.7642108219	5.281e-10	8.15e-12	190116
1629	1629	610	552	14.4962339172	1.762e-10	3.235e-12	63432
2080	1000	1353	870	1.91879462341	2.797e-10	4.051e-12	100692
1276	2655	500	214	6.1163085081	7.103e-10	9.701e-12	255709
1841	1129	2458	1104	0.554070534574	2.014e-10	3.454e-12	72505
1442	2080	610	271	4.98274027166	2.371e-10	3.214e-12	85357
1000	3000	1353	983	1.37643835061	1.917e-10	3.518e-12	69013
1000	1841	1651	784	7.5370269612	2.63e-10	4.596e-12	94681
1000	1276	1108	922	1.99613250111	6.225e-10	1.012e-11	224101
1129	2350	908	706	7.64541321803	9.57e-11	1.214e-12	34453
1000	3000	2458	972	1.24515881673	1.928e-10	3.56e-12	69409
2655	1276	610	552	8.9785151373	2.07e-10	3.828e-12	74521
1000	2350	500	1	29.4938701538	9.315e-10	1.363e-11	335341
1129	2080	500	469	7.17868222636	8.228e-10	1.459e-11	296209
1000	3000	3000	1	13.831376263	1.929e-10	3.496e-12	69445
1000	2350	3000	972	2.2276938062	2.043e-10	3.791e-12	73549
1129	1841	744	310	28.5324287204	1.859e-10	2.437e-12	66925
1442	1129	1108	838	5.12825623714	2.909e-10	4.449e-12	104725
1000	2655	1108	640	6.73290329499	2.064e-10	3.736e-12	74305
1000	1841	744	310	41.6438388847	3.117e-10	4.293e-12	112213
1629	1129	744	596	13.7304458734	2.979e-10	4.954e-12	107244
1442	1129	908	892	3.24808695032	3.046e-10	4.913e-12	109657
1276	1129	744	1	79.7868234457	4.52e-10	6.895e-12	162721
1276	1000	1651	990	0.987231411982	7.372e-10	1.283e-11	265393
1000	2655	1108	922	1.26314760356	1.971e-10	3.57e-12	70957
1000	1629	1651	922	3.1964043747	3.203e-10	5.563e-12	115309
1000	1276	1108	983	1.33442994562	5.938e-10	9.931e-12	213769
1000	1841	744	658	9.41205394716	3.041e-10	4.251e-12	109477
1000	1129	2458	784	5.39331537956	8.676e-10	1.547e-11	312337
1442	1000	610	577	8.66953546042	7.483e-10	1.209e-11	269389
1129	1129	1108	1098	1.1149190358	6.593e-10	1.211e-11	237349
2350	1129	2458	959	1.05118065185	1.367e-10	1.787e-12	49213
1442	1129	2014	1119	0.977578602193	3.226e-10	5.89e-12	116137
2350	1129	2458	425	15.7099770097	1.36e-10	2.215e-12	48961
2350	1129	610	577	8.86310731168	3.601e-10	6.157e-12	129636
1000	2655	3000	972	1.7474897543	1.981e-10	3.667e-12	71317
1276	1000	908	575	15.1180481989	6.404e-10	9.898e-12	230545
1442	1442	610	505	27.4094886418	3.338e-10	5.584e-12	120169
1000	1129	610	577	13.518943793	1.044e-09	1.602e-11	375840
1129	1000	1651	983	1.30040939007	9.454e-10	1.627e-11	340345
2350	1129	3000	1104	0.583968177729	1.467e-10	2.424e-12	52813
1000	1442	2014	784	8.46765604282	4.293e-10	7.285e-12	154549
1000	1276	1353	400	69.4727271809	5.913e-10	9.952e-12	212869
1129	1129	908	834	2.9230564441	5.93e-10	1.004e-11	213481
2350	1129	1651	1	35.9211347646	1.36e-10	2.165e-12	48961
1000	2080	2014	972	2.23279785223	2.26e-10	4.074e-12	81361
3000	2350	500	336	0.943566027518	6.949e-10	1.16e-11	250165
1841	1000	1651	640	3.73249262756	3.247e-10	4.881e-12	116892
1000	1629	2458	870	3.84429569803	3.131e-10	5.329e-12	112716
2350	2080	500	336	2.57757062069	7.172e-10	1.186e-11	258193
1276	1000	3000	972	0.862066125054	7.046e-10	1.141e-11	253657
1000	3000	744	310	25.0564391851	2.379e-10	3.286e-12	85645
1442	1276	744	734	12.0475849359	2.382e-10	3.838e-12	85753
1276	2655	500	446	2.09661084589	5.101e-10	9.149e-12	183637
1629	1276	610	552	16.5565421319	2.594e-10	4.528e-12	93385
1000	1629	3000	922	3.0747127587	3.221e-10	5.433e-12	115957
1000	2655	3000	922	1.50025870184	1.952e-10	3.53e-12	70273
1276	1000	1651	972	0.869243543361	7.01e-10	1.293e-11	252360
1000	2655	1108	1	21.4570355869	1.991e-10	3.471e-12	71677
1000	1629	1353	870	3.67221651727	3.195e-10	5.549e-12	115021
1000	1841	2014	972	2.15258651144	2.615e-10	4.746e-12	94141
1276	1276	500	469	42.4724698997	1.014e-09	1.855e-11	365041
2350	3000	610	1	1.29040806992	2.244e-10	3.341e-12	80785
1000	1841	744	727	3.8403251975	3.117e-10	4.652e-12	112213
2350	1129	3000	425	15.5905996714	1.352e-10	1.882e-12	48673
1000	1276	610	1	127.744699431	8.174e-10	1.193e-11	294265
1000	1841	1651	953	2.82170306365	2.683e-10	4.933e-12	96588
1841	2655	500	406	0.547572086777	7.409e-10	1.234e-11	266725
3000	1841	610	1	4.6743579083	2.305e-10	3.537e-12	82981
1000	1841	2458	1	41.1959269626	2.643e-10	4.71e-12	95149
2655	1841	500	214	4.65128680516	6.715e-10	9.088e-12	241741
1000	2080	2014	640	13.0902006505	2.265e-10	4.127e-12	81541
1442	3000	500	446	0.607658613494	5.026e-10	9.418e-12	180937
1000	1442	2458	953	1.78099764312	4.183e-10	7.081e-12	150589
3000	1442	610	1	14.7765608415	2.543e-10	3.776e-12	91549
1841	2080	500	406	1.79069521153	7.328e-10	1.238e-11	263809
1000	2080	2014	922	3.86456270526	2.191e-10	3.916e-12	78877
1129	1276	1651	1104	0.829651605143	3.663e-10	6.01e-12	131869
1629	1276	610	421	32.5807196448	3.318e-10	4.781e-12	119449
1000	3000	1353	990	1.97662856299	1.937e-10	3.517e-12	69732
1276	1841	500	336	8.12023235856	7.754e-10	1.249e-11	279145
1000	1841	1651	990	2.52108981215	2.653e-10	4.625e-12	95509
1000	3000	3000	870	1.60992039358	1.888e-10	3.608e-12	67969
1000	1129	744	1	182.833302269	9.333e-10	1.313e-11	335989
1841	1629	500	406	14.2260299566	7.432e-10	1.248e-11	267553
1841	1129	2458	1113	0.644042725583	2.012e-10	3.609e-12	72433
1129	3000	500	336	5.83462649476	8.025e-10	1.296e-11	288901
1000	2655	500	1	26.9930040713	9.068e-10	1.325e-11	326449
2655	1442	500	214	16.42203591	6.741e-10	9.271e-12	242677
1000	1442	2014	953	1.81235477914	4.285e-10	7.331e-12	154261
1841	1000	744	715	2.58451248295	3.902e-10	5.943e-12	140473
1000	2350	908	881	2.7002794109	2.073e-10	2.927e-12	74629
3000	1000	610	552	3.20019021652	3.308e-10	5.855e-12	119089
1276	1129	1651	1023	1.39033717744	4.113e-10	6.407e-12	148069
2350	1276	500	214	26.4563465672	7.267e-10	1.006e-11	261612
1276	2655	500	490	2.86948120679	7.903e-10	1.449e-11	284509
1841	1129	610	505	17.3542054168	4.115e-10	6.477e-12	148141
2080	1129	500	336	21.1593513078	8.476e-10	1.414e-11	305137
1442	2080	500	490	5.61864823853	8.06e-10	1.523e-11	290161
1629	1000	908	834	1.88934545466	3.991e-10	6.047e-12	143677
1000	2080	2014	990	2.54267184855	2.238e-10	3.942e-12	80569
1000	1629	3000	983	5.71310108434	3.275e-10	5.607e-12	117901
1629	1000	500	1	47.2245008391	1.128e-09	2.08e-11	406081
1000	2655	3000	640	6.49763444957	1.945e-10	3.548e-12	70021
1629	1000	2014	1	48.5701712966	3.986e-10	6.791e-12	143497
1000	1276	744	734	13.7421442038	6.419e-10	9.072e-12	231085
1442	2080	610	421	4.05116806839	2.358e-10	3.224e-12	84889
1129	1000	2458	400	48.9916599251	8.684e-10	1.335e-11	312625
3000	1129	500	214	21.7520207707	7.629e-10	1.103e-11	274645
2350	1129	3000	1063	0.87940940929	1.435e-10	2.353e-12	51661
1000	1129	1353	1	78.6071354052	8.642e-10	1.453e-11	311113
1841	1000	610	1	39.775741637	5.668e-10	8.531e-12	204049
2655	1000	500	406	12.6558382108	9.094e-10	1.527e-11	327385
1129	1276	744	658	18.0243680172	4.364e-10	7.012e-12	157105
2350	1129	3000	1113	0.616978042331	1.53e-10	2.748e-12	55080
1841	1000	610	505	7.36850123214	5.571e-10	8.688e-12	200557
1000	1276	744	694	7.98712259235	5.398e-10	7.609e-12	194329
1000	3000	3000	640	3.34330225706	1.946e-10	3.526e-12	70057
1000	1841	908	358	20.7093582069	2.551e-10	3.364e-12	91836
1000	2655	1108	983	1.93368856298	2.065e-10	3.675e-12	74341
1000	1129	744	596	51.3012952409	8.974e-10	1.494e-11	323065
1000	2080	2458	640	13.5993729909	2.215e-10	3.97e-12	79741
1000	1129	2458	953	2.14672459534	8.797e-10	1.484e-11	316693
1000	1276	1651	870	3.13273921239	6.053e-10	9.996e-12	217909
1000	3000	1651	1	14.4756170378	1.973e-10	3.635e-12	71029
1442	1000	2458	870	2.45985627579	4.735e-10	6.906e-12	170460
2350	3000	610	271	1.03020213642	2.077e-10	2.734e-12	74773
1442	1276	908	1	48.0259288441	1.897e-10	2.925e-12	68293
1841	1129	2458	1119	0.873805543706	2.068e-10	3.795e-12	74449
3000	1841	610	271	3.94335152907	2.14e-10	2.865e-12	77041
1442	1000	1353	870	2.51843309497	4.761e-10	6.552e-12	171397
1129	1129	1108	676	10.8214549506	6.196e-10	1.038e-11	223057
2350	1129	3000	959	1.02536140281	1.374e-10	1.875e-12	49465
1442	1129	500	336	34.0838308686	1.021e-09	1.747e-11	367561
2350	1129	2458	690	2.79634421321	1.309e-10	1.819e-12	47125
1000	2080	500	214	28.9324648289	8.859e-10	1.196e-11	318925
1000	2655	1353	400	14.1762336703	1.955e-10	3.555e-12	70381
1129	1442	610	1	63.4539646563	4.673e-10	6.862e-12	168229
2350	1129	3000	690	2.86658664494	1.316e-10	1.813e-12	47376
1629	1276	610	600	17.2809495602	3.781e-10	6.662e-12	136117
3000	1442	610	271	13.6474862745	2.363e-10	3.256e-12	85069
1841	1000	3000	640	3.73419524396	3.279e-10	4.623e-12	118045
1000	1276	1651	400	70.5153011294	5.864e-10	9.971e-12	211104
1000	3000	3000	922	1.13843201356	1.923e-10	3.441e-12	69229
1629	1276	744	491	28.024644932	1.922e-10	2.921e-12	69193
1000	1841	2014	640	16.0657257084	2.627e-10	4.67e-12	94573
1276	1129	744	310	41.5883514322	4.549e-10	6.973e-12	163765
1000	1629	610	552	7.24879554546	3.594e-10	5.681e-12	129385
1129	1000	610	505	13.6892237609	1.047e-09	1.552e-11	376921
1000	2655	3000	983	1.9145574742	1.936e-10	3.525e-12	69697
1000	2655	1108	953	1.65397202323	2.051e-10	3.837e-12	73837
1000	2655	1353	870	2.15399394818	2.041e-10	3.788e-12	73477
1000	1841	1651	870	4.69801151332	2.545e-10	4.481e-12	91621
1000	1841	908	786	6.21382907434	2.556e-10	3.605e-12	92017
1000	1442	908	575	29.0669419917	4.204e-10	6.822e-12	151345
1000	1276	610	505	32.6650050056	8.008e-10	1.268e-11	288289
2655	2655	500	482	0.385726763823	7.637e-10	1.408e-11	274933
1000	1442	2014	400	54.5045781805	4.235e-10	6.927e-12	152461
1000	3000	3000	784	2.30772025372	1.905e-10	3.608e-12	68581
2655	1276	2458	1250	0.199433356065	6.875e-11	1.164e-12	24751
2080	1129	500	446	17.0938167438	6.434e-10	1.229e-11	231624
1442	1129	500	446	28.4578519453	7.889e-10	1.429e-11	284005
1000	2655	1353	972	1.79068322489	2.02e-10	3.677e-12	72721
1000	1276	610	592	18.0169393252	8.161e-10	1.363e-11	293797
1841	1000	610	592	5.32609116119	5.814e-10	9.298e-12	209304
1442	2080	610	505	1.58682072715	2.429e-10	3.86e-12	87445
1000	1841	2014	1	42.5808845793	2.558e-10	4.44e-12	92089
1629	1276	610	577	16.9072980954	3.513e-10	6.261e-12	126469
1000	1629	1353	400	25.8819823691	3.298e-10	5.574e-12	118728
2350	1129	3000	856	1.0267497999	1.305e-10	1.76e-12	46980
1442	3000	500	469	0.835745946484	7.52e-10	1.41e-11	270721
2350	1629	500	482	11.4958030349	7.793e-10	1.524e-11	280549
1000	1442	908	834	7.61132287053	4.027e-10	5.573e-12	144973
1000	1129	2458	990	1.61604073786	8.728e-10	1.457e-11	314209
1000	2080	2458	1	28.5926295459	2.269e-10	4.073e-12	81685
1129	1129	908	863	2.27877411901	6.255e-10	1.092e-11	225180
2655	1276	2458	1260	0.338341411026	7.035e-11	1.306e-12	25326
1276	1000	908	706	9.61701641777	6.456e-10	9.626e-12	232417
2350	1129	500	1	34.5068071587	8.562e-10	1.314e-11	308233
1000	3000	3000	953	1.26109711554	1.903e-10	3.458e-12	68509
1000	2350	908	892	2.86600432061	2.091e-10	2.791e-12	75277
1000	2080	2014	983	2.36608962488	2.201e-10	3.965e-12	79237
1000	1129	744	715	7.60602525356	8.841e-10	1.441e-11	318277
1000	2080	2458	784	7.29043276501	2.229e-10	4.047e-12	80245
1000	2655	1108	400	16.9725342209	2.051e-10	3.715e-12	73837
1000	1841	744	694	6.60482729159	2.625e-10	3.812e-12	94501
1000	1629	1651	953	4.27418282444	3.217e-10	5.376e-12	115812
1000	1841	1651	972	2.03184001274	2.575e-10	4.619e-12	92701
2655	1276	2458	1266	0.391698241165	7.346e-11	1.324e-12	26446
1000	1276	1651	972	1.30275665295	5.879e-10	9.34e-12	211645
3000	2350	500	406	0.970528436968	7.328e-10	1.172e-11	263809
1000	1841	744	734	3.70366757472	3.11e-10	4.798e-12	111961
1000	1629	1353	922	3.04847752368	3.189e-10	5.491e-12	114805
2350	1129	3000	1	35.9470269364	1.364e-10	1.831e-12	49104
1442	1000	610	592	8.2867950391	7.238e-10	1.196e-11	260569
1276	1000	3000	983	0.913174000913	7.15e-10	1.276e-11	257401
1129	2080	500	482	7.64783221158	8.596e-10	1.581e-11	309457
1000	1841	1353	1	33.202608971	2.664e-10	4.847e-12	95905
1129	1129	1108	416	52.8873574135	5.558e-10	8.261e-12	200088
1629	1276	744	596	15.5936620691	1.927e-10	2.978e-12	69373
2350	2080	500	406	2.49731858444	7.078e-10	1.153e-11	254809
1000	1629	1353	972	5.05699516563	3.268e-10	6.024e-12	117649
2655	1276	610	577	8.53310635133	2.791e-10	5.211e-12	100477
1000	2655	744	727	1.8706526307	2.593e-10	3.903e-12	93349
2350	1276	1108	838	1.68502050626	7.59e-11	1.031e-12	27325
1129	3000	908	898	0.76326098266	9.009e-11	1.283e-12	32433
1841	2080	500	469	1.0479632993	7.566e-10	1.412e-11	272377
1276	1129	744	491	26.9130943327	4.474e-10	6.887e-12	161065
1000	1442	2458	640	22.4346678819	4.173e-10	7.273e-12	150229
1841	1000	744	310	29.4351133212	3.957e-10	5.474e-12	142452
2350	1129	3000	1119	0.953149055873	1.512e-10	2.808e-12	54433
1629	1276	610	505	27.4769065006	3.532e-10	5.814e-12	127153
1000	2655	1353	983	1.97846325103	1.929e-10	3.491e-12	69445
1000	1841	908	575	13.7261602265	2.601e-10	3.541e-12	93637
1841	2655	500	446	0.42808674913	4.786e-10	8.788e-12	172297
1000	1629	3000	784	10.7366651302	3.221e-10	5.516e-12	115957
1000	1442	1651	983	4.18664637957	4.277e-10	7.217e-12	153973
1000	2655	1353	922	1.51074110077	1.985e-10	3.619e-12	71461
1841	2080	500	446	0.676447367718	4.924e-10	9.02e-12	177265
1129	1442	610	271	46.7022019505	4.635e-10	6.678e-12	166861
2350	1276	1108	940	0.763975671711	7.649e-11	1.107e-12	27537
1841	1629	500	446	13.7112059661	5.133e-10	9.684e-12	184789
1276	1000	1108	1	71.5856984308	6.139e-10	9.366e-12	221005
1276	2350	2458	1233	0.521153222058	3.574e-11	6.325e-13	12867
1841	2350	1651	1635	0.0807946185278	3.442e-12	4.677e-14	1240
2080	2350	2458	1532	0.289342207709	1.928e-12	3.03e-14	695
1442	1629	1108	416	20.741155005	6.082e-11	8.347e-13	21896
2350	1629	500	490	10.7887390929	7.848e-10	1.462e-11	282529
1129	2080	2014	959	3.52743373854	1.043e-10	1.874e-12	37549
1000	1629	1651	983	5.77738257152	3.246e-10	5.407e-12	116857
1276	1129	744	694	6.20923467622	4.174e-10	6.453e-12	150265
1276	1841	500	406	4.09783002708	7.921e-10	1.291e-11	285157
1000	2350	908	575	8.02856535679	2.057e-10	2.685e-12	74053
2080	2350	2458	1729	0.183948952514	1.974e-12	3.191e-14	711
1841	2350	1651	1641	0.107986576342	3.378e-12	4.75e-14	1217
2350	1276	500	336	23.0068920638	7.801e-10	1.33e-11	280837
1000	1629	3000	990	5.58228600515	3.195e-10	5.306e-12	115021
2080	2350	2458	1855	0.0531566483066	1.912e-12	3.036e-14	689
1841	2350	1651	613	2.10816225368	3.534e-12	4.999e-14	1273
1276	2350	2458	1250	0.583160218061	3.479e-11	6.171e-13	12525
2350	1276	1353	1	25.7371807786	7.456e-11	1.226e-12	26842
1276	1000	2014	1	70.6321953245	6.129e-10	9.156e-12	220645
1129	3000	500	406	3.49172896895	8.128e-10	1.289e-11	292609
1000	2655	1108	972	1.83901635653	2.046e-10	3.675e-12	73657
1276	1000	1651	983	0.916090723746	6.97e-10	1.228e-11	250920
1442	1629	1108	676	15.8755930607	6.04e-11	7.969e-13	21745
1276	2350	2458	1260	0.614058871423	3.507e-11	6.206e-13	12626
2350	1129	3000	1088	0.586240292643	1.407e-10	2.363e-12	50652
1129	2080	2458	1	25.6841586328	1.026e-10	1.796e-12	36937
1000	2080	2458	870	4.59422421774	2.23e-10	3.987e-12	80281
1000	2080	2458	400	13.1966323273	2.244e-10	4.037e-12	80785
1000	2655	1353	990	2.80976466482	1.957e-10	3.621e-12	70453
1442	1629	1108	838	9.50361248064	6.015e-11	9.611e-13	21654
1000	2655	1353	953	1.66936972483	2.02e-10	3.751e-12	72721
3000	1629	2014	1223	0.296110545525	1.321e-11	1.88e-13	4756
1629	1629	610	577	14.5421518079	2.609e-10	4.71e-12	93925
1129	2080	500	490	4.08933319884	8.682e-10	1.523e-11	312553
1442	3000	500	482	1.53877863392	7.49e-10	1.366e-11	269641
1000	1129	3000	640	19.4426651708	8.569e-10	1.363e-11	308485
1000	1841	2014	400	18.9125131103	2.601e-10	4.656e-12	93637
2655	1276	610	592	8.24590858273	2.983e-10	5.473e-12	107389
1000	2655	744	734	2.03905564209	2.572e-10	3.853e-12	92593
1000	1841	1651	983	2.35956649371	2.661e-10	4.855e-12	95797
1000	2655	1108	990	2.9318662331	2.023e-10	3.66e-12	72829
3000	1629	2014	1373	0.0654992331871	1.304e-11	1.775e-13	4695
1000	1841	744	491	32.7964505094	3.011e-10	4.102e-12	108397
1276	1276	500	482	28.1335402152	9.787e-10	1.704e-11	352333
1000	1841	1651	922	3.98029635644	2.605e-10	4.654e-12	93781
3000	1629	2014	1468	0.0606327854132	1.31e-11	1.76e-13	4717
1129	2080	2458	1023	2.39814758618	9.859e-11	1.85e-12	35493
1000	1841	1651	400	18.5030709238	2.58e-10	4.572e-12	92881
1129	1000	2458	640	13.9361241826	8.747e-10	1.265e-11	314893
3000	1129	2014	1088	0.29208060814	1.059e-10	1.771e-12	38125
1129	1129	1108	838	2.09175915868	5.556e-10	8.378e-12	200017
1000	1629	3000	1	30.5046620827	3.281e-10	5.566e-12	118117
1442	2080	610	1	7.15564520433	2.44e-10	3.668e-12	87841
1000	1841	2014	784	7.69675255011	2.591e-10	4.756e-12	93277
1629	1276	744	658	13.0297282756	1.952e-10	3.141e-12	70273
1442	1000	610	600	8.0364044227	7.427e-10	1.24e-11	267373
1000	1629	3000	953	4.26666040142	3.279e-10	5.544e-12	118045
1000	2655	1353	640	4.95802191875	2.025e-10	3.608e-12	72901
1000	1276	744	310	114.202410913	6.427e-10	8.812e-12	231373
1000	2655	1108	784	3.12328895075	2.064e-10	3.691e-12	74305
3000	1129	2014	1104	0.252633353347	1.083e-10	1.827e-12	38989
1000	2655	1353	1	17.2668205944	1.972e-10	3.604e-12	70993
1000	1841	908	834	5.03271375044	2.502e-10	3.497e-12	90073
1276	1841	500	446	2.7287916938	5.483e-10	1.006e-11	197389
1000	2080	2458	922	3.83080886346	2.145e-10	3.81e-12	77221
1629	1276	744	694	11.4954384173	1.768e-10	2.799e-12	63649
1629	1629	610	592	14.7672776746	2.691e-10	4.953e-12	96876
1000	1841	908	706	10.5043829935	2.554e-10	3.648e-12	91945
1000	2655	908	1	11.7296146365	1.968e-10	2.575e-12	70849
2655	1276	610	600	8.32116742491	3.015e-10	5.585e-12	108540
2655	1000	610	1	24.707753364	4.364e-10	6.589e-12	157105
1000	2350	908	834	4.21563754692	1.979e-10	2.697e-12	71245
2080	1000	610	552	5.19243424757	4.369e-10	6.927e-12	157285
1841	1841	1651	1635	0.058204558088	1.355e-11	1.908e-13	4879
1000	2080	908	892	3.64371842761	2.233e-10	3.104e-12	80388
1629	1276	744	734	10.2848375729	1.983e-10	3.407e-12	71389
1000	1841	908	1	20.6789782994	2.557e-10	3.654e-12	92053
1841	1841	1651	1641	0.0521362095282	1.394e-11	2.128e-13	5019
1841	1841	1651	613	6.1363036112	1.367e-11	2.018e-13	4922
1000	1841	1651	640	16.1700010428	2.576e-10	4.582e-12	92737
1000	1841	2014	870	4.59670653133	2.566e-10	4.59e-12	92377
1276	2655	610	1	9.10998069715	2.631e-10	3.847e-12	94717
1000	2655	1108	870	1.93507147355	2.049e-10	3.691e-12	73765
1841	1000	744	491	7.91440113718	3.904e-10	5.188e-12	140545
1000	2655	1353	784	3.07694328185	2.002e-10	3.691e-12	72073
3000	1629	2014	1528	0.0721462201493	1.382e-11	2.185e-13	4976
3000	1442	610	421	11.5477414093	2.318e-10	3.22e-12	83449
2350	2655	1353	1	0.458067898654	1.601e-12	2.407e-14	577
1276	1841	908	898	2.78081232566	8.005e-11	1.235e-12	28819
3000	1841	610	421	3.85015860181	2.13e-10	2.922e-12	76681
2655	3000	610	600	0.249276895101	2.393e-10	4.43e-12	86149
1276	1129	1651	1063	1.20889672977	4.034e-10	6.745e-12	145225
2350	2080	500	446	2.24049066216	5.101e-10	9.425e-12	183637
1841	2080	610	1	3.86431697797	2.308e-10	3.637e-12	83089
2350	2655	1353	1042	0.0870605384631	1.281e-12	1.816e-14	462
1000	1629	1651	990	5.83354186449	3.153e-10	5.349e-12	113509
2350	2655	1353	1163	0.131385558621	1.256e-12	1.723e-14	453
3000	1629	2014	1565	0.0427202390885	1.38e-11	2.191e-13	4969
1000	1841	744	715	6.03441497572	3.132e-10	4.607e-12	112753
1000	1841	1353	983	6.76878078583	2.663e-10	4.741e-12	95869
3000	1629	2014	1589	0.0265923003237	1.406e-11	2.421e-13	5062
1000	2080	2458	953	2.00576050571	2.207e-10	4.055e-12	79453
1276	2080	1108	1	12.6087404885	4.903e-11	7.172e-13	17651
1841	2080	610	505	1.66635349875	2.271e-10	3.743e-12	81757
1629	1629	610	600	15.6944586878	2.739e-10	5.075e-12	98605
1000	1841	1108	953	2.74480140214	2.66e-10	4.61e-12	95761
1000	1841	1353	922	3.84548791816	2.677e-10	4.888e-12	96373
1276	2080	1108	1003	1.93092336801	4.619e-11	6.464e-13	16629
1000	2080	908	898	3.67261224799	2.233e-10	3.112e-12	80388
3000	1841	610	505	3.34044159628	2.281e-10	3.61e-12	82116
2655	3000	744	1	1.55742083826	6.437e-11	9.163e-13	23174
3000	1442	610	505	10.7288868686	2.483e-10	4.203e-12	89389
1629	1276	908	1	43.0675438828	1.508e-10	2.38e-12	54289
2655	3000	744	310	0.423414004269	6.146e-11	7.926e-13	22126
1000	1841	1353	990	2.4162274494	2.571e-10	4.599e-12	92557
1000	2080	2458	972	2.30326396055	2.18e-10	3.983e-12	78481
2350	1629	610	1	9.41485138847	2.323e-10	3.479e-12	83629
1000	1841	1353	953	2.95389038559	2.679e-10	4.815e-12	96444
1000	2350	1108	1	21.6107460277	2.169e-10	3.917e-12	78085
1000	1841	1108	972	2.1706316257	2.671e-10	4.561e-12	96156
1000	1841	1353	640	16.1336492457	2.629e-10	4.736e-12	94645
3000	1841	610	552	3.0640980134	1.463e-10	2.765e-12	52669
