# Combined nev from the directory /RESULTS/grid4D/results/
# par1	par2	par3	par4	xsect [mb]	xsecterr [mb]	nev
1000	1442	1353	922	4.203e-10	7.139e-12	151309
1000	1841	2014	922	2.574e-10	4.606e-12	92665
1000	1000	1108	1	1.143e-09	9.196e-11	411481
1000	2080	500	1	9.616e-10	1.428e-11	346177
1000	1629	2458	1	3.324e-10	5.941e-12	119665
1000	1442	610	600	6.503e-10	1.021e-11	234109
1000	1000	908	834	1.366e-09	2.242e-11	491761
1000	1129	908	1	8.532e-10	1.217e-11	307153
1000	1000	2014	1	1.29e-09	6.341e-11	464401
1000	1000	500	1	2.117e-09	3.436e-11	762121
1000	1276	1651	1	5.868e-10	9.985e-12	211249
1000	1629	610	421	5.204e-10	7.489e-12	187345
1000	1276	744	658	6.374e-10	9.226e-12	229465
1000	1841	500	469	9.664e-10	1.681e-11	347905
1000	1129	3000	922	8.682e-10	1.434e-11	312553
1000	2350	3000	922	2.08e-10	3.8e-12	74881
1000	2080	908	834	2.108e-10	2.939e-12	75889
1000	1442	2458	922	4.32e-10	7.385e-12	155521
1000	1629	1353	1	3.233e-10	5.527e-12	116389
1000	1129	1651	922	8.611e-10	1.486e-11	309997
1000	3000	1353	922	1.925e-10	3.527e-12	69301
1000	2350	908	1	2.063e-10	2.675e-12	74269
1129	1000	2458	1	8.831e-10	1.358e-11	317917
1000	2350	1651	922	2.04e-10	3.638e-12	73441
1000	2080	2014	1	2.28e-10	4.11e-12	82080
1000	1276	3000	1	6e-10	9.912e-12	216001
1000	3000	2458	922	1.968e-10	3.483e-12	70849
1000	1841	1108	922	2.654e-10	4.767e-12	95545
1129	1000	1353	1	8.785e-10	1.271e-11	316261
1000	2655	3000	1	1.92e-10	3.488e-12	69121
1000	2080	1108	1	2.315e-10	4.219e-12	83341
1129	1129	1108	1092	6.399e-10	1.104e-11	230365
1000	3000	610	600	4.279e-10	7.217e-12	154045
1129	1000	610	421	1.076e-09	1.673e-11	387361
1129	1442	1353	1063	2.561e-10	4.303e-12	92197
1000	1000	1108	784	9.992e-10	6.444e-11	359713
1129	1129	908	786	6.522e-10	1.116e-11	234793
1129	1629	3000	425	1.683e-10	2.811e-12	60589
1000	2655	1651	1	2.026e-10	3.738e-12	72937
1000	2655	744	658	2.482e-10	3.468e-12	89352
1000	1000	908	892	1.403e-09	2.407e-11	505081
1000	1276	1651	784	5.912e-10	1.011e-11	212832
1000	1000	500	406	2.014e-09	3.361e-11	725041
1000	1276	744	727	6.348e-10	9.298e-12	228529
1000	1000	2014	784	1.283e-09	6.045e-11	461881
1129	1442	2014	959	2.44e-10	3.882e-12	87841
1000	1129	908	706	8.435e-10	1.254e-11	303661
1000	1629	1353	784	3.234e-10	5.751e-12	116425
1000	1276	3000	784	5.908e-10	1.009e-11	212688
1000	1129	3000	983	8.964e-10	1.516e-11	322705
1000	1129	1651	983	8.471e-10	1.372e-11	304957
1000	1442	2458	983	4.176e-10	7.502e-12	150337
1000	1442	744	491	4.764e-10	6.437e-12	171505
1129	1841	610	600	3.651e-10	6.327e-12	131437
1276	1000	1651	953	6.942e-10	1.167e-11	249913
1129	2080	908	898	1.122e-10	1.639e-12	40393
1129	1841	2458	425	1.257e-10	2.099e-12	45252
1129	1841	1353	959	1.238e-10	2.177e-12	44569
1129	2080	1108	940	9.603e-11	1.369e-12	34571
1129	1276	1651	1063	3.688e-10	6.028e-12	132769
1129	1129	2014	1063	5.502e-10	5.383e-11	198073
1129	2080	500	446	5.645e-10	1.042e-11	203221
1129	2350	3000	1104	8.556e-11	1.533e-12	30802
1129	3000	2014	1104	7.472e-11	1.356e-12	26900
1129	1629	908	358	1.813e-10	2.407e-12	65269
1129	2655	1353	425	8.228e-11	1.511e-12	29621
1276	1442	1651	1266	1.502e-10	2.503e-12	54073
1276	1129	1353	959	3.714e-10	5.821e-12	133705
1276	1442	3000	1233	1.539e-10	2.583e-12	55405
1129	3000	1108	416	7.398e-11	9.618e-13	26633
1276	1129	2458	425	3.905e-10	6.331e-12	140581
1276	1000	3000	953	6.995e-10	1.194e-11	251821
1129	2080	2014	425	1.018e-10	1.781e-12	36649
1276	2080	1651	1233	4.501e-11	7.78e-13	16204
1129	2655	610	552	1.954e-10	3.429e-12	70345
1000	2350	3000	983	2.073e-10	3.842e-12	74629
1276	2080	3000	1093	4.56e-11	7.664e-13	16417
1276	1276	500	446	7.219e-10	1.322e-11	259884
1129	2350	1651	425	8.571e-11	1.557e-12	30856
1276	2350	610	271	2.449e-10	3.311e-12	88165
1276	1629	1353	1266	9.577e-11	1.571e-12	34478
1276	1629	610	552	2.013e-10	3.494e-12	72469
1276	1276	908	898	2.925e-10	5.176e-12	105301
1276	1841	2014	1233	6.44e-11	1.079e-12	23185
1629	3000	1108	1092	7.636e-12	1.264e-13	2749
1841	1841	744	310	7.525e-11	1.089e-12	27091
2655	1841	2014	1734	7.003e-12	1.133e-13	2522
1276	2655	2014	1093	3.069e-11	5.534e-13	11049
3000	1129	3000	959	9.788e-11	1.565e-12	35237
2080	1000	1353	640	2.698e-10	4.209e-12	97129
1841	2350	2458	695	3.406e-12	5.396e-14	1227
1442	1629	908	706	7.246e-11	9.993e-13	26086
2655	1442	2014	1244	3.058e-11	4.451e-13	11009
1629	1442	3000	1415	7.659e-11	1.343e-12	27573
1629	1000	3000	983	4.383e-10	8.026e-12	157788
1442	1129	908	863	3e-10	4.596e-12	108001
1442	1841	1651	1117	3.498e-11	5.695e-13	12593
2350	2080	500	214	6.738e-10	8.935e-12	242568
1841	1276	1108	1083	1.069e-10	1.534e-12	38485
1629	1129	1651	1023	2.484e-10	4.02e-12	89425
2350	1129	1353	1119	1.547e-10	2.803e-12	55693
2655	1841	1108	838	1.044e-11	1.465e-13	3759
2655	1276	1353	1250	6.753e-11	1.162e-12	24311
1442	1129	1108	416	2.892e-10	4.297e-12	104113
2080	1442	2458	1117	4.205e-11	6.021e-13	15139
1841	1629	908	881	4.417e-11	7.032e-13	15902
1841	1276	3000	792	9.993e-11	1.451e-12	35975
1276	1841	500	214	7.281e-10	9.868e-12	262117
1442	2080	2014	565	2.248e-11	3.768e-13	8093
3000	1841	500	490	7.648e-10	1.437e-11	275329
1841	1841	1651	1587	1.542e-11	2.519e-13	5552
1629	2080	2458	1528	1.138e-11	1.777e-13	4097
1442	2350	1108	1003	1.874e-11	2.712e-13	6747
1442	1629	1108	1083	5.968e-11	8.907e-13	21485
1629	1276	500	482	8.742e-10	1.616e-11	314713
1442	2655	2458	1415	1.184e-11	2.013e-13	4263
2080	1442	610	271	2.458e-10	3.551e-12	88489
1442	2080	500	482	7.672e-10	1.436e-11	276193
1629	1129	744	310	3e-10	4.917e-12	108001
1442	2655	1353	524	1.147e-11	1.45e-13	4130
1276	3000	2458	792	2.887e-11	5.237e-13	10394
1629	1841	3000	1604	2.077e-11	3.169e-13	7478
2350	1276	500	1	7.886e-10	1.195e-11	283897
1442	2350	908	1	3.273e-11	4.67e-13	11783
1629	1442	1108	1003	7.441e-11	1.083e-12	26788
1442	1841	744	310	9.865e-11	1.465e-12	35515
1841	2655	908	881	1.955e-11	3.438e-13	7039
1276	3000	1651	1093	2.916e-11	5.21e-13	10498
1629	2350	3000	1604	6.928e-12	1.16e-13	2495
1629	1000	908	706	4.199e-10	6.258e-12	151165
1442	3000	500	406	7.292e-10	1.197e-11	262513
1442	1442	1353	1281	1.109e-10	1.964e-12	39925
1629	1129	2458	856	2.217e-10	3.419e-12	79813
2655	1129	1651	1113	1.327e-10	2.482e-12	47773
1442	3000	908	892	2.919e-11	4.908e-13	10509
1629	1629	610	421	2.472e-10	3.525e-12	88993
1442	3000	2014	1415	1.032e-11	1.807e-13	3716
1442	1841	2458	565	3.45e-11	5.911e-13	12421
2350	1629	2014	603	1.782e-11	2.905e-13	6416
1442	2655	610	592	2.415e-10	4.398e-12	86941
2655	2350	744	727	7.061e-11	1.344e-12	25420
1841	1629	500	336	7.457e-10	1.266e-11	268453
1442	1442	2458	1117	1.07e-10	3.541e-12	38521
2655	1000	908	881	2.373e-10	3.898e-12	85429
1442	2080	1353	1042	2.153e-11	3.031e-13	7751
1629	2350	2014	1223	6.994e-12	1.203e-13	2518
2080	3000	1108	940	4.506e-12	7.163e-14	1623
2080	1129	908	863	1.757e-10	2.594e-12	63253
1000	1000	1108	400	1.185e-09	7.051e-11	426600
1000	1000	1108	870	1.174e-09	8.426e-11	422641
1000	1000	2014	870	1.288e-09	3.861e-11	463681
1000	1000	2014	400	1.311e-09	5.546e-11	471960
1000	1000	1108	922	1.156e-09	6.446e-11	416161
1000	1000	1108	640	1.207e-09	9.33e-11	434521
1000	1000	2014	640	1.312e-09	8.429e-11	472321
1000	1000	2014	922	1.21e-09	6.516e-11	435601
1000	2655	3000	784	1.992e-10	3.64e-12	71713
1000	2080	2014	784	2.247e-10	4.056e-12	80893
1000	1841	1108	983	2.703e-10	4.852e-12	97309
1000	3000	2458	983	1.951e-10	3.585e-12	70237
1129	1000	1353	784	8.822e-10	1.246e-11	317593
1129	1442	500	490	1.002e-09	1.802e-11	360721
1276	1841	1108	416	6.412e-11	8.757e-13	23084
1129	2350	744	727	1.535e-10	2.394e-12	55261
1000	1129	500	214	1.501e-09	2.25e-11	540361
1000	1276	3000	953	6.006e-10	9.737e-12	216216
1000	1000	500	482	2.129e-09	3.809e-11	766441
1000	1000	1108	953	1.293e-09	6.66e-11	465481
1000	1129	908	863	8.358e-10	1.228e-11	300889
1000	1129	2014	400	8.9e-10	1.479e-11	320401
1276	1129	610	600	6.197e-10	1.049e-11	223093
1000	1000	2014	953	1.236e-09	8.836e-11	444961
1000	1129	1108	400	8.783e-10	1.427e-11	316189
1129	3000	500	214	7.431e-10	9.723e-12	267517
1276	1629	2458	1233	9.456e-11	1.532e-12	34042
1129	3000	908	863	7.992e-11	1.13e-12	28772
1276	1276	1108	940	2.72e-10	4.567e-12	97921
1276	1841	908	863	6.823e-11	9.734e-13	24563
1000	1442	1353	983	4.223e-10	7.165e-12	152029
1442	1000	2458	640	4.877e-10	7.245e-12	175573
1276	1000	908	358	6.414e-10	9.435e-12	230905
1129	2655	2458	1104	7.917e-11	1.445e-12	28502
1276	1442	744	727	2.203e-10	3.525e-12	79309
1629	2655	1353	524	5.155e-12	6.7e-14	1856
1442	1129	2014	1104	3.226e-10	5.602e-12	116137
1276	2655	3000	792	2.97e-11	5.175e-13	10692
1276	3000	744	310	8.911e-11	1.16e-12	32080
1276	2350	1353	1233	3.659e-11	6.456e-13	13173
1276	2350	2458	1093	3.683e-11	6.454e-13	13259
1276	2080	744	658	1.084e-10	1.651e-12	39025
2655	2350	3000	2252	1.05e-12	1.609e-14	379
1000	2350	908	706	2.072e-10	2.715e-12	74593
1629	1276	2014	792	1.269e-10	2.008e-12	45685
1629	2655	2458	1528	4.425e-12	7.603e-14	1594
1276	2655	1108	1083	3.311e-11	4.716e-13	11920
1276	1276	2014	1266	2.667e-10	1.291e-11	96013
1841	1129	1353	1104	2.059e-10	3.566e-12	74125
1442	1442	610	271	3.136e-10	4.782e-12	112897
1629	1841	1108	1092	2.514e-11	3.922e-13	9051
1442	1276	744	658	2.332e-10	3.726e-12	83953
1442	1000	1353	640	4.915e-10	6.837e-12	176941
1629	1276	1353	1093	1.285e-10	1.996e-12	46261
3000	1276	1651	1163	5.595e-11	8.973e-13	20143
1276	2655	908	706	4.582e-11	6.001e-13	16496
1841	1000	3000	1	3.335e-10	4.713e-12	120061
1629	2080	1353	524	1.199e-11	1.789e-13	4317
1442	2350	1651	565	1.539e-11	2.643e-13	5541
1629	1442	1651	565	7.198e-11	1.095e-12	25913
1129	1629	1651	959	1.795e-10	3.081e-12	64621
2655	2655	1353	1336	1.248e-12	2.217e-14	450
1841	2350	744	310	6.53e-11	8.839e-13	23508
1442	1000	610	552	6.344e-10	9.723e-12	228385
1442	3000	1108	838	1.363e-11	1.756e-13	4907
1442	1129	500	214	9.517e-10	1.37e-11	342613
2350	2080	2014	1999	3.514e-12	5.538e-14	1266
2655	1000	2014	640	2.065e-10	2.863e-12	74341
1629	2350	1108	1092	1.136e-11	1.796e-13	4090
1629	3000	3000	1604	3.545e-12	6.197e-14	1277
1841	2655	2014	1815	1.937e-12	3.275e-14	698
2655	2655	2458	1476	3.616e-13	5.466e-15	131
1841	1129	610	271	3.995e-10	5.665e-12	143821
1629	1629	1353	524	4.362e-11	7.71e-13	15704
3000	1629	3000	1528	1.377e-11	2.226e-13	4958
3000	3000	3000	2861	6.981e-14	3.323e-15	26
1629	2655	610	421	2.114e-10	2.772e-12	76104
1629	1000	1651	983	4.465e-10	7.899e-12	160741
2350	2655	2014	1793	4.993e-13	7.035e-15	180
2350	1841	3000	1127	7.764e-12	1.049e-13	2796
2350	2655	1108	676	4.215e-12	5.529e-14	1518
1442	2350	3000	1415	1.493e-11	2.569e-13	5375
2080	1129	500	214	8.108e-10	1.194e-11	291889
1629	1841	908	1	3.884e-11	5.873e-13	13983
2080	1841	2458	1564	9.737e-12	1.38e-13	3506
1442	1276	1651	1233	1.792e-10	3.071e-12	64513
1841	3000	744	310	6.155e-11	8.375e-13	22159
1841	1000	744	658	3.988e-10	5.765e-12	143569
2655	2655	500	446	4.801e-10	8.877e-12	172837
2655	1442	3000	908	3.15e-11	4.494e-13	11341
1442	1276	3000	1093	1.63e-10	2.233e-12	58681
1629	1841	2014	1223	2.136e-11	3.364e-13	7690
1442	1629	3000	565	6.055e-11	9.951e-13	21799
2350	3000	1353	524	9.762e-13	1.257e-14	352
3000	2350	2014	1999	8.273e-13	1.089e-14	298
2350	2350	2458	2325	1.459e-12	8.222e-14	526
1841	2080	908	881	2.42e-11	4.219e-13	8713
1629	2350	908	1	2.431e-11	3.598e-13	8752
1442	1629	2014	1117	5.994e-11	9.593e-13	21579
2655	2350	1108	1098	5.362e-12	9.546e-14	1931
1629	1442	908	1	8.851e-11	1.336e-12	31864
2655	2350	2014	1480	9.687e-13	1.237e-14	349
2350	1629	908	898	3.699e-11	6.127e-13	13317
2655	1129	744	694	1.716e-10	2.755e-12	61777
2350	3000	500	490	7.658e-10	1.448e-11	275689
1841	2080	1353	1042	7.455e-12	9.754e-14	2684
2655	1000	1108	640	2.091e-10	2.989e-12	75277
2080	1442	1353	1281	4.285e-11	6.144e-13	15426
3000	1000	2458	1	1.902e-10	2.755e-12	68473
1000	1841	2014	983	2.551e-10	4.521e-12	91836
3000	1442	500	490	7.82e-10	1.465e-11	281521
2080	3000	3000	2064	4.317e-13	6.959e-15	156
2350	1442	744	596	1.047e-10	1.69e-12	37693
1841	1629	2014	1613	3.145e-11	5.632e-13	11322
2655	3000	1651	1625	2.443e-13	4.266e-15	88
1841	1276	908	706	1.203e-10	1.671e-12	43308
2655	2080	2458	2020	2.955e-12	4.812e-14	1064
3000	2080	1108	1043	4.762e-12	7.983e-14	1715
3000	2655	610	552	1.371e-10	2.529e-12	49357
2350	1276	1108	1098	7.618e-11	1.027e-12	27425
1129	1629	1108	1043	1.641e-10	2.159e-12	59077
1841	1442	1651	1117	5.354e-11	7.898e-13	19275
2655	1841	3000	695	6.766e-12	9.683e-14	2436
2655	2655	908	898	1.832e-11	3.384e-13	6596
1629	2080	610	421	2.166e-10	2.909e-12	77977
2350	1129	610	505	3.54e-10	5.692e-12	127441
1841	2655	1353	1042	2.628e-12	3.716e-14	947
3000	1276	2458	978	5.268e-11	7.348e-13	18965
2350	2655	3000	2311	4.806e-13	6.837e-15	174
3000	2350	908	863	1.531e-11	2.785e-13	5512
2080	3000	908	575	1.677e-11	2.212e-13	6038
2080	2080	744	694	5.684e-11	1.053e-12	20463
1841	1276	2014	1093	9.706e-11	1.36e-12	34942
3000	1629	1651	603	1.359e-11	2.066e-13	4893
2080	2080	1108	1083	9.083e-12	1.545e-13	3270
1841	1000	1651	1	3.358e-10	4.65e-12	120889
2080	2080	2014	1	5.464e-12	8.713e-14	1968
2655	1276	610	421	2.678e-10	3.969e-12	96409
2655	1000	500	336	9.148e-10	1.621e-11	329329
2655	2080	1651	1393	2.77e-12	3.761e-14	998
1841	1442	2458	565	5.372e-11	7.986e-13	19340
2350	3000	2458	1969	1.888e-13	3.126e-15	68
3000	2080	3000	1532	2.308e-12	3.038e-14	831
2350	1276	2014	1207	7.666e-11	1.241e-12	27598
1629	3000	2014	1223	3.591e-12	6.277e-14	1293
2080	2655	1651	1610	8.977e-13	1.295e-14	324
1841	2080	2014	1815	7.026e-12	1.073e-13	2530
2350	1000	1651	640	2.339e-10	3.051e-12	84204
3000	1841	2458	1127	5.851e-12	8.032e-14	2107
3000	3000	744	727	6.809e-11	1.25e-12	24513
3000	2350	500	214	6.72e-10	8.915e-12	241920
2080	1629	3000	1589	2.309e-11	3.998e-13	8313
1841	2080	500	336	7.331e-10	1.178e-11	263917
3000	2080	744	596	6.741e-11	1.077e-12	24268
2350	1841	1651	1625	7.996e-12	1.096e-13	2879
1841	2350	1651	1587	3.072e-12	4.136e-14	1106
2080	2350	908	892	2.067e-11	3.787e-13	7442
2080	2350	2014	719	1.98e-12	2.872e-14	713
1841	1629	1353	1042	2.789e-11	3.981e-13	10041
2655	1276	2458	1163	6.576e-11	1.069e-12	23674
2080	1629	744	734	9.06e-11	1.659e-12	32617
2350	2080	1353	1236	4.231e-12	6.349e-14	1524
2080	1841	1353	1343	1.102e-11	1.58e-13	3968
2080	2350	1353	1309	2.351e-12	3.687e-14	847
2350	2350	1651	1549	1.547e-12	2.479e-14	557
3000	1841	1353	1326	6.895e-12	1.016e-13	2483
2080	2080	3000	1855	4.958e-12	1.34e-13	1785
2655	1629	2458	1613	1.742e-11	3.244e-13	6272
2080	2655	610	600	2.412e-10	4.429e-12	86833
1629	1629	2458	1528	3.893e-11	1.478e-12	14015
3000	1000	610	421	3.972e-10	6.198e-12	142993
2080	1129	2014	1104	1.745e-10	2.962e-12	62821
2080	1276	744	658	1.544e-10	2.432e-12	55585
1841	1442	744	310	1.157e-10	1.879e-12	41653
2080	1629	2014	1	2.222e-11	3.145e-13	8000
2350	1000	3000	640	2.337e-10	3.08e-12	84132
2350	1841	744	596	7.003e-11	1.159e-12	25211
2350	1629	500	446	4.993e-10	9.244e-12	179749
1841	2655	500	336	7.129e-10	1.201e-11	256645
2350	1129	2458	1088	1.415e-10	2.378e-12	50941
1129	1276	744	491	4.252e-10	5.979e-12	153073
2080	1629	1108	1083	2.575e-11	3.685e-13	9271
1841	1841	2458	695	1.536e-11	4.736e-13	5530
1841	1129	2458	1023	1.973e-10	3.291e-12	71029
1000	1629	2458	784	3.242e-10	5.598e-12	116713
1000	1841	610	1	4.68e-10	6.734e-12	168481
1000	1000	2014	972	1.449e-09	5.76e-11	521641
1000	1000	1108	972	1.3e-09	5.387e-11	468001
1129	1129	2014	1088	5.085e-10	3.96e-11	183060
3000	3000	3000	2910	7.333e-14	2.27e-15	27
2350	2350	2458	2334	1.321e-12	8.648e-14	476
1276	1276	2014	490	2.572e-10	7.578e-12	92593
1629	1629	2458	1565	4.27e-11	1.671e-12	15373
1442	1442	2458	1244	8.785e-11	8.811e-12	31627
1841	1841	3000	1	1.619e-11	4.895e-13	5829
2080	2080	3000	1935	4.925e-12	1.88e-13	1774
1129	1129	2014	1104	5.623e-10	3.459e-11	202429
2350	2350	2458	2340	1.386e-12	6.204e-14	499
1000	1000	1108	983	1.367e-09	6.899e-11	492120
1000	1000	2014	983	1.114e-09	1.24e-10	401041
1442	1442	2458	1322	8.348e-11	8.624e-12	30053
2655	2350	3000	2288	1.074e-12	1.769e-14	387
2655	2655	1353	1343	1.256e-12	2.217e-14	453
2655	2350	2014	1671	9.871e-13	1.344e-14	356
3000	2080	3000	1729	2.23e-12	2.998e-14	803
1841	2655	2014	1825	1.906e-12	3.152e-14	687
2655	2655	2458	1837	3.768e-13	5.999e-15	136
3000	2350	2014	2004	8.389e-13	1.104e-14	303
2080	3000	3000	2070	4.331e-13	7.143e-15	156
2350	2350	1651	1587	1.325e-12	2.145e-14	478
2350	2655	3000	2325	4.874e-13	7.12e-15	176
2655	3000	1651	1635	2.455e-13	4.11e-15	89
2655	2080	1651	1489	2.821e-12	4.148e-14	1016
2655	2080	2458	2042	2.948e-12	4.795e-14	1062
2350	3000	1353	846	9.809e-13	1.304e-14	354
2350	3000	2458	2108	1.908e-13	3.082e-15	69
2080	2350	1353	1326	2.822e-12	4.352e-14	1016
2080	2350	2458	1	2.198e-12	3.181e-14	792
2080	2655	1651	1625	9.499e-13	1.425e-14	342
1841	2655	1353	1163	2.58e-12	3.531e-14	929
2350	2655	2014	1872	4.855e-13	6.627e-15	175
1841	2350	1651	1610	3.335e-12	4.514e-14	1201
1629	1629	2458	1589	3.842e-11	1.035e-12	13832
2350	2080	2014	2004	3.482e-12	5.896e-14	1254
3000	3000	3000	2942	7.442e-14	1.552e-15	27
1629	3000	3000	1613	3.527e-12	6.325e-14	1270
1841	2350	3000	1	3.941e-12	6.362e-14	1419
1276	1276	2014	792	2.372e-10	1.108e-11	85393
1629	3000	2014	1373	3.463e-12	6.058e-14	1247
2080	2080	3000	1987	4.815e-12	1.537e-13	1734
2350	2080	1353	1281	3.529e-12	5.293e-14	1271
1629	2655	2458	1565	4.463e-12	7.616e-14	1607
2350	2655	1108	838	4.284e-12	5.647e-14	1543
2080	3000	1353	1	1.454e-12	2.099e-14	524
3000	2080	1108	1067	6.277e-12	1.091e-13	2260
1841	1841	3000	1127	1.407e-11	6.798e-13	5066
1629	2655	1353	846	5.005e-12	6.7e-14	1802
2655	2350	1108	416	4.863e-12	6.578e-14	1751
2080	2080	2014	1182	5.106e-12	8.352e-14	1839
3000	1841	2458	1397	5.623e-12	7.946e-14	2025
3000	1841	1353	1336	6.599e-12	9.423e-14	2376
2655	1841	500	1	7.19e-10	1.107e-11	258841
2655	1841	2014	1774	6.901e-12	1.136e-13	2485
1629	2350	3000	1613	6.913e-12	1.109e-13	2489
1841	2080	2014	1825	6.797e-12	1.057e-13	2447
1629	2350	2014	1373	6.839e-12	1.159e-13	2463
2350	1841	3000	1397	7.719e-12	1.097e-13	2779
1629	3000	1108	1098	7.764e-12	1.258e-13	2796
1841	2080	1353	1163	7.388e-12	1.025e-13	2660
2350	1841	1651	1635	7.996e-12	1.117e-13	2879
2080	2080	1108	1092	9.55e-12	1.615e-13	3439
2080	1841	2458	1669	9.872e-12	1.323e-13	3554
1442	3000	2014	1425	1.039e-11	1.866e-13	3741
2655	1841	1108	940	1.077e-11	1.59e-13	3878
2080	1841	1353	524	1.063e-11	1.517e-13	3827
1629	2080	2458	1565	1.147e-11	1.827e-13	4130
1629	2350	1108	1098	1.099e-11	1.707e-13	3957
1841	2655	2014	1831	1.872e-12	3.084e-14	674
2080	3000	3000	746	4.364e-13	7.163e-15	158
2655	2655	2458	2066	3.711e-13	5.616e-15	134
2655	2655	1353	524	1.177e-12	1.732e-14	424
2655	2350	3000	2311	1.038e-12	1.658e-14	374
1442	2655	1353	846	1.134e-11	1.424e-13	4083
2350	2350	1651	1610	1.567e-12	2.484e-14	565
3000	2080	3000	1855	2.272e-12	3.04e-14	818
2655	2350	2014	1793	9.885e-13	1.498e-14	356
3000	2350	2014	719	8.792e-13	1.226e-14	317
1442	2655	2458	1425	1.205e-11	2.098e-13	4339
2655	3000	1651	1641	2.43e-13	4.082e-15	88
2350	2655	3000	2334	4.779e-13	6.783e-15	173
2080	2350	1353	1336	2.785e-12	4.341e-14	1003
2655	2080	1651	1549	2.907e-12	4.251e-14	1047
2350	3000	1651	1	4.561e-13	6.713e-15	165
2655	2080	2458	2055	2.962e-12	4.776e-14	1067
2080	2655	1651	1635	9.792e-13	1.401e-14	353
2350	3000	2458	2196	1.87e-13	3.055e-15	68
2080	2350	2458	1225	1.997e-12	2.97e-14	719
1841	2655	1353	1236	2.616e-12	3.741e-14	942
2350	2655	2014	1923	4.908e-13	6.663e-15	177
1629	2080	1353	846	1.174e-11	1.556e-13	4227
1841	2350	1651	1625	3.36e-12	4.685e-14	1210
2350	2080	2014	719	3.45e-12	5.004e-14	1243
1629	3000	3000	1619	3.551e-12	6.127e-14	1279
1629	3000	2014	1468	3.719e-12	6.651e-14	1339
1841	2350	3000	1127	3.42e-12	5.357e-14	1232
3000	1629	3000	1565	1.396e-11	2.181e-13	5026
2080	3000	1353	1042	1.208e-12	1.589e-14	435
3000	1629	1651	984	1.323e-11	1.91e-13	4763
2350	2080	1353	1309	4.023e-12	6.097e-14	1449
1442	3000	1108	940	1.37e-11	1.978e-13	4933
1442	2350	3000	1425	1.511e-11	2.494e-13	5440
2350	2655	1108	940	4.656e-12	7.67e-14	1677
1629	2655	2458	1589	4.55e-12	7.858e-14	1639
3000	2350	908	881	1.81e-11	3.289e-13	6517
1841	1841	1651	1610	1.551e-11	2.561e-13	5584
1442	2350	1651	908	1.519e-11	2.585e-13	5469
2655	2350	1108	676	4.867e-12	6.638e-14	1753
1629	2655	1651	1	5.076e-12	8.816e-14	1828
2080	2080	2014	1480	4.947e-12	7.868e-14	1781
2080	3000	908	706	1.65e-11	2.145e-13	5941
3000	2080	1108	1083	6.683e-12	1.119e-13	2406
2655	1629	2458	1619	1.711e-11	3.227e-13	6160
3000	1841	2458	1564	5.658e-12	7.636e-14	2037
2350	1629	2014	984	1.714e-11	2.558e-13	6171
1442	1276	1651	1260	1.889e-10	3.297e-12	68004
2655	3000	1108	1	4.357e-12	6.541e-14	1569
1442	2350	1108	1043	1.107e-11	1.635e-13	3986
1841	1000	3000	400	3.268e-10	4.527e-12	117649
3000	1841	1353	1343	6.723e-12	9.812e-14	2421
1841	2655	908	892	2.01e-11	3.597e-13	7237
1841	2080	2014	1831	6.805e-12	1.079e-13	2450
1629	2350	3000	1619	6.866e-12	1.135e-13	2472
2655	1841	2014	1799	7.363e-12	1.262e-13	2651
1629	2350	2014	1468	6.853e-12	1.102e-13	2468
2080	2350	908	898	2.041e-11	3.812e-13	7348
1629	1841	3000	1613	2.11e-11	3.384e-13	7597
2350	1841	3000	1564	7.811e-12	1.069e-13	2812
1629	1841	2014	1373	2.127e-11	3.349e-13	7658
1629	3000	1108	416	7.397e-12	9.703e-14	2663
1841	2080	1353	1236	7.466e-12	1.115e-13	2688
1442	2080	1353	1163	2.101e-11	2.93e-13	7564
2080	1629	2014	1223	2.084e-11	2.932e-13	7503
2350	1841	1651	1641	7.879e-12	1.122e-13	2837
1442	2080	2014	908	2.217e-11	3.546e-13	7982
2080	1629	3000	1604	2.303e-11	3.858e-13	8291
1841	2080	908	892	2.43e-11	4.227e-13	8749
2080	2080	1108	1098	9.453e-12	1.622e-13	3404
1629	2350	908	358	2.329e-11	3.313e-13	8385
1629	1841	1108	1098	2.45e-11	3.767e-13	8821
2080	1629	1108	1092	2.653e-11	4.123e-13	9551
2080	1841	2458	1734	1.063e-11	1.707e-13	3827
1442	3000	2014	1432	1.015e-11	1.722e-13	3655
2655	1841	1353	1	8.189e-12	1.195e-13	2949
2080	1841	1353	846	1.092e-11	1.652e-13	3932
1841	1629	1353	1163	2.7e-11	3.709e-13	9721
2655	3000	1108	1003	4.118e-12	6.733e-14	1483
1629	2350	1108	416	1.047e-11	1.444e-13	3770
1629	2080	2458	1589	1.153e-11	1.873e-13	4151
1276	3000	2458	978	2.885e-11	5.22e-13	10387
1442	3000	908	898	2.829e-11	4.71e-13	10185
1442	2655	1651	1	1.253e-11	2.251e-13	4511
1276	3000	1651	1163	3.015e-11	5.533e-13	10855
1442	2655	2458	1432	1.168e-11	2.058e-13	4205
1276	2655	3000	978	3.127e-11	5.649e-13	11258
2655	1442	2014	1322	3.46e-11	5.541e-13	12457
1629	2080	1651	1	1.238e-11	2.065e-13	4457
1841	1629	2014	1619	3.078e-11	5.428e-13	11081
1276	2655	2014	1163	3.119e-11	5.576e-13	11229
2655	1442	500	1	7.389e-10	1.096e-11	266005
3000	1629	2014	1	1.426e-11	2.244e-13	5134
3000	1629	3000	1589	1.428e-11	2.419e-13	5141
1276	2655	1108	1092	3.286e-11	4.504e-13	11830
1442	2350	908	358	3.164e-11	4.353e-13	11391
1442	3000	1353	1	1.047e-11	1.372e-13	3770
1442	1841	2458	908	3.513e-11	5.618e-13	12647
1442	1841	1651	1244	3.602e-11	5.914e-13	12968
1442	2350	3000	1432	1.454e-11	2.616e-13	5235
1276	2350	1353	1250	3.662e-11	6.377e-13	13184
1442	2350	1108	1067	1.702e-11	2.81e-13	6128
2350	1841	1108	1	1.303e-11	1.944e-13	4691
1276	2350	2458	1163	3.534e-11	5.915e-13	12723
1841	1841	1651	1625	1.545e-11	2.487e-13	5563
1442	2350	2014	1	1.608e-11	2.813e-13	5789
3000	1000	2458	640	1.779e-10	2.763e-12	64045
3000	2350	908	892	1.921e-11	3.603e-13	6916
2655	1629	2458	603	1.489e-11	2.019e-13	5361
2080	3000	908	786	1.817e-11	2.922e-13	6542
1629	1841	908	358	3.692e-11	4.984e-13	13292
2350	1629	2458	1	1.874e-11	2.845e-13	6747
2080	1442	2458	1244	4.354e-11	5.83e-13	15675
2080	1442	1353	1309	4.747e-11	8.029e-13	17090
1629	1629	1353	846	4.417e-11	7.37e-13	15902
1841	1629	908	892	4.738e-11	8.035e-13	17057
1276	2080	1651	1250	4.664e-11	7.827e-13	16791
1841	2655	908	898	2.019e-11	3.719e-13	7269
1276	2080	3000	1163	4.514e-11	7.723e-13	16251
2080	2655	1108	1	5.36e-12	9.32e-14	1930
1276	2655	908	786	4.589e-11	6.632e-13	16521
1629	1841	3000	1619	2.082e-11	3.266e-13	7496
2080	1629	2014	1373	2.118e-11	2.868e-13	7625
1629	1841	2014	1468	2.054e-11	3.336e-13	7395
1442	2080	1353	1236	2.114e-11	2.899e-13	7611
2080	1629	3000	1613	2.462e-11	4.555e-13	8864
1442	2080	2458	1	2.308e-11	3.874e-13	8309
3000	1276	3000	1	5.549e-11	7.619e-13	19977
1841	1442	1651	1244	5.269e-11	7.18e-13	18969
1841	1442	2458	908	5.461e-11	7.894e-13	19660
1841	2080	908	898	2.535e-11	4.537e-13	9127
1629	2350	908	575	2.295e-11	3e-13	8263
3000	1276	1651	1207	5.718e-11	8.985e-13	20585
2350	1841	1108	1003	1.202e-11	1.931e-13	4328
2080	2080	744	715	7.47e-11	1.384e-12	26893
1629	1841	1108	416	2.505e-11	3.495e-13	9019
1000	1841	2014	953	2.631e-10	4.815e-12	94717
2080	1629	1108	1098	2.655e-11	3.94e-13	9559
1442	1629	2014	1244	5.952e-11	9.904e-13	21428
1841	1629	1353	1236	2.785e-11	4.103e-13	10027
1442	1629	1108	1092	5.918e-11	8.919e-13	21305
1442	1629	3000	908	5.929e-11	9.527e-13	21345
1841	3000	744	491	6.26e-11	8.235e-13	22536
1629	1000	1108	1	3.981e-10	5.978e-12	143317
1276	1841	2014	1250	6.379e-11	1.079e-12	22965
1276	3000	3000	1	2.893e-11	5.279e-13	10415
2655	1276	2458	1207	6.42e-11	1.046e-12	23113
1276	1841	1108	676	6.319e-11	1.095e-12	22749
1276	3000	1651	1207	2.915e-11	5.241e-13	10495
2655	1276	1353	1260	7.09e-11	1.286e-12	25524
1841	1629	2014	603	2.802e-11	4.423e-13	10088
1841	2350	744	491	6.501e-11	8.623e-13	23404
3000	3000	744	734	7.044e-11	1.303e-12	25359
1276	2655	500	1	7.618e-10	1.139e-11	274249
3000	2080	744	658	6.645e-11	1.055e-12	23923
1276	2655	2014	1207	2.993e-11	5.437e-13	10775
2655	2350	744	734	6.933e-11	1.28e-12	24959
1276	1841	908	881	7.952e-11	1.222e-12	28628
2655	1442	2014	1369	3.375e-11	5.599e-13	12151
2350	1841	744	658	7.212e-11	1.188e-12	25964
1629	1442	1651	908	7.066e-11	1.038e-12	25438
1276	2655	1108	1098	3.303e-11	4.659e-13	11891
1442	2350	908	575	3.062e-11	4.151e-13	11024
1129	3000	2014	1113	7.739e-11	1.389e-12	27861
1629	1442	1108	1043	6.655e-11	9.618e-13	23959
1129	3000	1108	676	7.494e-11	9.67e-13	26979
2350	1276	1108	416	7.671e-11	1.034e-12	27616
2350	1276	2014	1233	7.946e-11	1.369e-12	28606
1629	1442	3000	1425	7.914e-11	1.449e-12	28491
1442	1629	908	786	7.536e-11	1.115e-12	27130
1841	1841	744	491	7.75e-11	1.115e-12	27901
1442	1841	3000	1	3.611e-11	5.699e-13	13000
1442	1841	1651	1322	3.487e-11	5.71e-13	12554
1129	2655	2458	1113	8.073e-11	1.458e-12	29063
1276	2350	2458	1207	3.574e-11	6.34e-13	12867
1276	2350	1353	1260	3.69e-11	6.47e-13	13285
1129	3000	908	881	8.722e-11	1.244e-12	31400
1129	2350	3000	1113	8.692e-11	1.575e-12	31292
1629	1841	908	575	3.741e-11	5.097e-13	13468
1129	2655	1353	690	7.836e-11	1.468e-12	28210
1129	2350	1651	690	8.683e-11	1.558e-12	31259
2080	1629	908	1	3.841e-11	5.669e-13	13828
1629	1442	908	358	8.734e-11	1.23e-12	31443
2080	1442	2458	1322	4.693e-11	8.287e-13	16895
1276	3000	744	491	8.83e-11	1.143e-12	31789
1276	1629	2458	1250	9.646e-11	1.608e-12	34726
1276	1629	1353	490	9.532e-11	1.505e-12	34316
1629	1629	1651	1	4.202e-11	1.056e-12	15128
2080	1442	1353	1326	4.836e-11	7.82e-13	17410
3000	1129	500	1	8.088e-10	1.241e-11	291169
1841	1276	2014	1163	1.114e-10	1.833e-12	40105
1841	1629	908	898	4.586e-11	7.044e-13	16510
1276	2080	3000	1207	4.591e-11	7.661e-13	16528
1276	2080	1651	1260	4.561e-11	7.819e-13	16420
1129	2080	1353	1	1.011e-10	1.801e-12	36397
1841	1276	3000	978	1.002e-10	1.473e-12	36073
1276	2655	908	834	2.539e-11	3.289e-13	9141
1442	1841	744	491	9.679e-11	1.328e-12	34845
1129	2080	2014	690	1.006e-10	1.859e-12	36217
2350	1442	744	658	1.005e-10	1.554e-12	36181
1841	1276	1108	1092	1.053e-10	1.637e-12	37909
1442	1442	1353	1309	1.137e-10	1.977e-12	40933
1276	2080	744	694	8.851e-11	1.506e-12	31864
1841	1442	1651	1322	5.743e-11	8.982e-13	20675
3000	1276	3000	1093	5.211e-11	6.714e-13	18760
1129	2350	1108	1	8.398e-11	1.168e-12	30233
1841	1442	3000	1	5.319e-11	7.786e-13	19149
3000	1276	1651	1233	5.837e-11	9.93e-13	21014
1841	1442	744	491	1.143e-10	1.679e-12	41149
1841	1276	908	786	1.212e-10	1.821e-12	43633
1129	1841	1651	1	1.28e-10	2.272e-12	46081
1629	1276	2014	978	1.262e-10	1.744e-12	45432
1442	1629	2014	1322	5.9e-11	9.525e-13	21241
1629	1276	1353	1163	1.354e-10	2.23e-12	48744
1442	1629	1108	1098	6.185e-11	8.357e-13	22267
1129	1841	2458	690	1.225e-10	2.115e-12	44101
1442	1629	500	1	7.636e-10	1.13e-11	274897
2655	1129	1651	1119	1.297e-10	2.393e-12	46693
1841	3000	744	596	6.653e-11	1.072e-12	23951
2655	1276	2458	1233	6.687e-11	1.125e-12	24074
1276	1841	2014	1260	6.281e-11	1.148e-12	22612
2080	1629	908	358	3.866e-11	5.501e-13	13918
3000	2655	610	577	2.211e-10	4.051e-12	79597
2080	2080	744	727	7.132e-11	1.319e-12	25676
1276	1841	1108	838	6.496e-11	9.138e-13	23386
3000	2080	744	694	5.207e-11	9.499e-13	18746
1841	2350	744	596	6.614e-11	1.068e-12	23811
2350	1129	2458	1104	1.452e-10	2.583e-12	52273
2655	1276	1353	1266	7.229e-11	1.361e-12	26025
3000	3000	908	1	1.74e-11	2.51e-13	6265
2655	2350	908	1	1.846e-11	2.736e-13	6646
1629	1442	1108	1067	7.385e-11	1.127e-12	26586
1629	1442	2014	1	7.238e-11	1.111e-12	26057
2350	1841	744	694	5.826e-11	1.076e-12	20974
1276	1442	1651	490	1.545e-10	2.612e-12	55621
2350	1129	1353	425	1.322e-10	1.809e-12	47593
2080	1276	744	694	1.357e-10	2.138e-12	48853
1276	1442	3000	1250	1.495e-10	2.277e-12	53821
1129	3000	2014	1119	7.862e-11	1.403e-12	28304
2350	1276	1108	676	7.659e-11	1.153e-12	27573
1276	1841	908	892	8.14e-11	1.216e-12	29305
1129	3000	1108	838	7.331e-11	9.441e-13	26392
1129	2350	744	734	1.538e-10	2.418e-12	55369
2350	1276	2014	1250	7.779e-11	1.307e-12	28005
1629	1442	3000	1432	7.902e-11	1.395e-12	28448
1442	1629	908	834	3.674e-11	6.052e-13	13227
1841	1841	744	596	7.839e-11	1.272e-12	28221
1442	1276	3000	1163	1.808e-10	2.883e-12	65089
1129	2655	2458	1119	7.972e-11	1.429e-12	28700
1129	1841	744	1	1.917e-10	2.74e-12	69013
2655	1129	744	715	1.893e-10	3.169e-12	68149
1129	1629	1108	1067	1.611e-10	2.152e-12	57997
2080	1129	2014	1113	1.795e-10	3.341e-12	64621
1129	1629	3000	690	1.687e-10	2.874e-12	60733
1129	2655	1353	856	8.298e-11	1.476e-12	29873
2080	1129	908	881	1.783e-10	2.726e-12	64188
1129	2350	3000	1119	8.837e-11	1.594e-12	31814
1129	3000	908	892	8.727e-11	1.281e-12	31418
1442	1276	1651	1250	1.825e-10	2.983e-12	65701
1129	2350	1651	856	8.925e-11	1.632e-12	32131
1129	1629	2014	1	1.75e-10	3.067e-12	63000
1629	1442	908	575	8.491e-11	1.269e-12	30568
3000	1000	2458	400	1.812e-10	2.407e-12	65233
1276	3000	744	596	9.317e-11	1.42e-12	33542
1129	1629	908	575	1.759e-10	2.547e-12	63325
1000	3000	1353	953	1.973e-10	3.635e-12	71029
1841	1129	2458	1063	2.003e-10	3.26e-12	72109
1276	1629	2458	1260	9.528e-11	1.525e-12	34301
1129	2655	610	577	2.965e-10	5.101e-12	106741
1276	1629	1353	792	9.917e-11	1.658e-12	35702
1000	2080	908	863	2.2e-10	2.93e-12	79201
2655	1000	2014	784	2.052e-10	2.78e-12	73873
1841	1129	1353	1113	2.135e-10	4.059e-12	76861
1841	1276	500	1	8.302e-10	1.287e-11	298873
2655	1000	1108	784	2.064e-10	2.936e-12	74305
1276	1629	610	577	3.112e-10	5.502e-12	112033
1000	2350	1651	953	2.036e-10	3.681e-12	73297
1276	2080	744	715	1.151e-10	1.91e-12	41437
1129	2350	1108	1003	8.522e-11	1.156e-12	30680
1442	1841	744	596	9.885e-11	1.566e-12	35587
1000	1442	1651	400	4.325e-10	7.226e-12	155701
1841	1276	2014	1207	1.098e-10	1.794e-12	39529
1129	2080	2014	856	1.003e-10	1.74e-12	36109
2350	1442	744	694	8.826e-11	1.542e-12	31774
1129	2080	1353	1023	1.039e-10	1.79e-12	37405
1000	2655	1651	400	1.984e-10	3.59e-12	71425
1841	1276	1108	1098	1.047e-10	1.639e-12	37693
1629	2655	610	505	2.271e-10	3.769e-12	81757
1629	1129	2458	959	2.259e-10	3.147e-12	81325
1629	2080	610	505	2.328e-10	3.976e-12	83808
1276	1442	744	734	2.204e-10	3.524e-12	79345
1442	1442	1353	1326	1.141e-10	1.999e-12	41077
1000	1000	610	271	1.603e-09	2.633e-11	577081
1000	1841	1353	400	2.693e-10	4.812e-12	96949
1000	1129	500	446	1.112e-09	1.872e-11	400321
1000	1442	1651	870	4.363e-10	7.277e-12	157069
1000	1276	3000	990	5.862e-10	1.033e-11	211033
2655	1000	908	892	2.42e-10	3.969e-12	87121
2350	1000	1651	784	2.354e-10	3.074e-12	84745
2350	1000	3000	784	2.331e-10	3.013e-12	83917
1442	1276	744	694	2.136e-10	3.389e-12	76897
2080	2655	744	1	6.544e-11	9.775e-13	23559
1442	2655	610	600	2.41e-10	4.37e-12	86761
1841	1442	744	596	1.134e-10	1.774e-12	40825
1000	2655	744	694	2.087e-10	3.071e-12	75133
2350	1129	1353	856	1.364e-10	1.977e-12	49104
1000	2080	1108	400	2.284e-10	4.153e-12	82225
1629	1129	1651	1063	2.486e-10	3.937e-12	89497
1841	1276	908	834	1.09e-10	1.507e-12	39241
1000	1629	1353	953	3.149e-10	5.37e-12	113365
1000	1129	500	490	1.661e-09	2.801e-11	597961
1000	1442	1651	972	4.2e-10	7.22e-12	151201
1000	2080	2014	953	2.172e-10	3.934e-12	78193
1000	1629	2458	953	3.143e-10	5.301e-12	113149
1000	1276	500	336	1.281e-09	2.021e-11	461161
1000	1129	1108	870	8.808e-10	1.55e-11	317089
1129	1442	2458	1	2.401e-10	4.125e-12	86437
2080	1442	610	421	2.495e-10	3.49e-12	89821
1276	2350	610	421	2.411e-10	3.332e-12	86797
1629	1629	610	505	2.702e-10	4.574e-12	97273
1629	1276	2458	1	1.278e-10	1.93e-12	46009
2655	1129	1651	425	1.141e-10	1.551e-12	41077
1129	1442	1353	1088	2.422e-10	3.782e-12	87193
1129	1841	2458	856	1.222e-10	2.06e-12	43993
1129	1841	1651	1023	1.291e-10	2.3e-12	46477
1000	1841	610	505	4.874e-10	7.445e-12	175465
1000	1841	1353	870	2.63e-10	4.629e-12	94681
1000	1129	2014	870	8.609e-10	1.413e-11	309925
1629	1276	1353	1207	1.392e-10	2.326e-12	50113
1000	1000	610	552	1.354e-09	2.193e-11	487441
2655	1276	610	505	2.89e-10	5.061e-12	104041
2080	1000	1353	784	2.755e-10	3.779e-12	99180
1000	3000	2458	990	1.978e-10	3.593e-12	71209
1276	1276	1353	1	2.478e-10	1.46e-11	89209
1000	3000	2458	953	1.926e-10	3.493e-12	69337
1276	1276	1353	1093	2.303e-10	1.851e-11	82909
1000	2655	3000	400	1.955e-10	3.561e-12	70381
1000	2655	3000	870	1.938e-10	3.55e-12	69769
1129	2350	908	358	9.505e-11	1.254e-12	34218
1841	1000	3000	784	3.191e-10	4.49e-12	114877
1629	1276	610	271	3.334e-10	5.026e-12	120024
1000	1442	2014	1	4.324e-10	7.174e-12	155664
1000	2655	3000	953	1.979e-10	3.608e-12	71245
1000	1129	610	421	1.057e-09	1.554e-11	380520
2350	1129	2458	1113	1.568e-10	2.817e-12	56449
2350	1129	1353	690	1.384e-10	1.949e-12	49825
1000	2350	3000	990	1.983e-10	3.586e-12	71389
1442	1129	1108	676	2.876e-10	4.244e-12	103537
1276	1442	1108	1	1.54e-10	2.263e-12	55441
2080	1276	744	715	1.538e-10	2.651e-12	55369
1000	2350	3000	953	2.051e-10	3.677e-12	73837
1442	1129	908	881	3.084e-10	4.54e-12	111025
1629	1129	744	491	2.918e-10	4.706e-12	105049
1000	2350	908	786	2.052e-10	2.784e-12	73873
1000	2350	908	358	2.078e-10	2.767e-12	74809
1000	1129	2014	972	8.773e-10	1.444e-11	315829
1000	2350	908	863	2.033e-10	2.817e-12	73189
1276	1442	3000	1260	1.509e-10	2.42e-12	54325
2080	2655	744	310	6.125e-11	8.307e-13	22051
1276	1442	1651	792	1.521e-10	2.488e-12	54757
1442	1129	2014	1113	3.255e-10	5.948e-12	117181
1442	1442	610	421	3.129e-10	4.492e-12	112645
1129	1000	1353	953	9.145e-10	1.574e-11	329221
1841	1000	3000	953	3.568e-10	5.921e-12	128448
1000	1442	3000	400	4.317e-10	7.694e-12	155413
1000	1629	2458	990	3.146e-10	5.344e-12	113256
1000	2350	908	898	2.057e-10	2.824e-12	74053
1000	1629	1353	990	3.298e-10	5.689e-12	118728
1000	1129	908	898	8.415e-10	1.255e-11	302941
1129	2350	908	1	1.003e-10	1.394e-12	36109
1841	1000	1651	400	3.34e-10	4.493e-12	120241
1129	1629	1108	1083	1.601e-10	2.289e-12	57637
1000	2080	2014	870	2.267e-10	3.902e-12	81613
1442	1276	3000	1207	1.811e-10	2.922e-12	65197
1129	1629	3000	856	1.679e-10	2.793e-12	60445
2080	1129	2014	1119	1.76e-10	3.351e-12	63361
1000	1841	2014	990	2.705e-10	4.886e-12	97381
3000	2655	610	592	2.401e-10	4.405e-12	86437
1442	1276	744	727	2.374e-10	3.983e-12	85464
2080	1129	908	892	1.773e-10	2.697e-12	63828
2350	1129	610	552	2.818e-10	4.669e-12	101449
2655	1129	744	727	1.928e-10	3.112e-12	69409
2350	1129	2458	1119	1.488e-10	2.85e-12	53569
1000	1442	744	694	4.064e-10	5.817e-12	146305
1000	1276	1651	953	5.934e-10	1.001e-11	213625
1129	1629	2014	1023	1.689e-10	2.864e-12	60805
1000	2080	2014	400	2.201e-10	3.944e-12	79237
1129	1276	1651	1088	3.749e-10	6.251e-12	134965
1276	1129	1651	1	4.061e-10	5.84e-12	146197
1129	1629	908	706	1.815e-10	2.639e-12	65341
1276	1129	2458	690	3.872e-10	5.56e-12	139393
3000	1000	610	505	4.02e-10	6.588e-12	144721
1000	3000	1353	972	1.89e-10	3.346e-12	68040
1841	1000	744	694	3.83e-10	5.463e-12	137881
1841	1129	2458	1088	2.022e-10	3.591e-12	72793
2655	1000	2014	870	2.018e-10	2.756e-12	72649
1841	1129	610	421	4.058e-10	6.027e-12	146089
2655	1000	1108	870	2.071e-10	2.754e-12	74557
1000	2655	3000	990	2.013e-10	3.713e-12	72469
2350	1129	2458	856	1.293e-10	1.722e-12	46549
1000	1841	1353	972	2.595e-10	4.58e-12	93421
1000	1629	3000	640	3.19e-10	5.35e-12	114840
1000	1629	1651	640	3.241e-10	5.769e-12	116677
1000	2350	1651	972	1.997e-10	3.572e-12	71893
1841	1129	1353	1119	2.156e-10	3.957e-12	77617
1629	1000	908	786	4.243e-10	6.507e-12	152749
1000	2655	1651	640	1.962e-10	3.63e-12	70633
1629	1000	3000	990	4.394e-10	8.087e-12	158185
1000	3000	744	1	2.449e-10	3.38e-12	88165
1129	2350	908	575	9.707e-11	1.276e-12	34946
1000	2080	908	881	2.182e-10	2.985e-12	78553
1629	1000	1651	990	4.459e-10	8.362e-12	160525
1629	1129	3000	1	2.315e-10	3.374e-12	83341
1629	2655	610	552	1.443e-10	2.665e-12	51949
1129	1276	744	596	4.258e-10	6.068e-12	153289
1276	1129	2458	856	3.983e-10	5.6e-12	143389
1276	1442	908	1	1.677e-10	2.392e-12	60373
1000	1841	610	592	4.881e-10	7.905e-12	175717
1276	1442	1108	1003	1.5e-10	2.305e-12	54001
1000	2655	744	715	2.485e-10	3.623e-12	89461
1629	2080	610	552	1.503e-10	2.752e-12	54109
2350	1000	3000	870	2.301e-10	3.088e-12	82837
2655	1000	908	898	2.398e-10	3.894e-12	86328
2655	2655	500	469	7.481e-10	1.382e-11	269317
2350	1000	1651	870	2.35e-10	3.227e-12	84601
1000	1129	2458	1	8.702e-10	1.445e-11	313273
1000	1276	1108	640	5.917e-10	9.505e-12	213013
1000	1841	1651	1	2.516e-10	4.392e-12	90576
1442	2655	744	1	7.808e-11	1.124e-12	28109
1442	1000	2458	784	4.714e-10	7.791e-12	169705
1442	1276	744	715	2.332e-10	3.85e-12	83953
1442	1000	1353	784	4.793e-10	7.052e-12	172549
1000	1442	3000	870	4.212e-10	7.016e-12	151633
1000	2080	1108	640	2.302e-10	4.171e-12	82873
1629	1129	1651	1088	2.476e-10	4.153e-12	89137
2350	1629	500	469	7.597e-10	1.449e-11	273493
1129	2655	610	592	3.174e-10	5.577e-12	114265
1129	1442	2458	1023	2.449e-10	3.857e-12	88165
1000	3000	3000	400	1.957e-10	3.677e-12	70453
2350	1129	3000	1023	1.43e-10	2.278e-12	51481
1129	1442	1353	1104	2.434e-10	4.333e-12	87625
2080	1442	610	505	2.603e-10	4.381e-12	93709
1276	2350	610	505	2.587e-10	4.109e-12	93133
1000	1841	1108	990	2.65e-10	4.677e-12	95401
1000	1276	500	469	1.306e-09	2.199e-11	470161
1276	1629	610	592	3.217e-10	5.705e-12	115812
2350	1129	1353	959	1.319e-10	1.81e-12	47485
1000	1629	610	505	5.281e-10	8.15e-12	190116
1629	1629	610	552	1.762e-10	3.235e-12	63432
2080	1000	1353	870	2.797e-10	4.051e-12	100692
1276	2655	500	214	7.103e-10	9.701e-12	255709
1841	1129	2458	1104	2.014e-10	3.454e-12	72505
1442	2080	610	271	2.371e-10	3.214e-12	85357
1000	3000	1353	983	1.917e-10	3.518e-12	69013
1000	1841	1651	784	2.63e-10	4.596e-12	94681
1129	1000	1353	990	9.66e-10	1.66e-11	347761
1000	1276	1108	922	6.225e-10	1.012e-11	224101
1000	1000	610	600	1.621e-09	2.738e-11	583561
1129	2350	908	706	9.57e-11	1.214e-12	34453
1000	3000	2458	972	1.928e-10	3.56e-12	69409
2655	1276	610	552	2.07e-10	3.828e-12	74521
1000	2350	500	1	9.315e-10	1.363e-11	335341
1129	2080	500	469	8.228e-10	1.459e-11	296209
1129	1000	1651	640	8.642e-10	1.269e-11	311113
1000	3000	3000	1	1.929e-10	3.496e-12	69445
1000	2350	3000	972	2.043e-10	3.791e-12	73549
1129	1841	744	310	1.859e-10	2.437e-12	66925
1442	1129	1108	838	2.909e-10	4.449e-12	104725
1000	2655	1108	640	2.064e-10	3.736e-12	74305
1000	1841	744	310	3.117e-10	4.293e-12	112213
1629	1129	744	596	2.979e-10	4.954e-12	107244
1442	1129	908	892	3.046e-10	4.913e-12	109657
1276	1129	744	1	4.52e-10	6.895e-12	162721
1276	1000	1651	990	7.372e-10	1.283e-11	265393
1129	1000	1651	922	9.211e-10	1.585e-11	331597
1000	2655	1108	922	1.971e-10	3.57e-12	70957
1000	1629	1651	922	3.203e-10	5.563e-12	115309
1000	1276	1108	983	5.938e-10	9.931e-12	213769
1000	1841	744	658	3.041e-10	4.251e-12	109477
1000	1129	2458	784	8.676e-10	1.547e-11	312337
1442	1000	610	577	7.483e-10	1.209e-11	269389
1129	1129	1108	1098	6.593e-10	1.211e-11	237349
2350	1129	2458	959	1.367e-10	1.787e-12	49213
1442	1129	2014	1119	3.226e-10	5.89e-12	116137
2350	1129	2458	425	1.36e-10	2.215e-12	48961
2350	1129	610	577	3.601e-10	6.157e-12	129636
1000	1442	2458	990	4.316e-10	7.314e-12	155377
1000	2655	3000	972	1.981e-10	3.667e-12	71317
1276	1000	908	575	6.404e-10	9.898e-12	230545
1442	1442	610	505	3.338e-10	5.584e-12	120169
1000	1129	610	577	1.044e-09	1.602e-11	375840
1129	1000	1651	983	9.454e-10	1.627e-11	340345
2350	1129	3000	1104	1.467e-10	2.424e-12	52813
1000	1442	2014	784	4.293e-10	7.285e-12	154549
1000	1276	1353	400	5.913e-10	9.952e-12	212869
1129	1129	908	834	5.93e-10	1.004e-11	213481
2350	1129	1651	1	1.36e-10	2.165e-12	48961
1000	2080	2014	972	2.26e-10	4.074e-12	81361
3000	2350	500	336	6.949e-10	1.16e-11	250165
1841	1000	1651	640	3.247e-10	4.881e-12	116892
1000	1629	2458	870	3.131e-10	5.329e-12	112716
2350	2080	500	336	7.172e-10	1.186e-11	258193
1276	1000	3000	972	7.046e-10	1.141e-11	253657
1000	3000	744	310	2.379e-10	3.286e-12	85645
1442	1276	744	734	2.382e-10	3.838e-12	85753
1276	2655	500	446	5.101e-10	9.149e-12	183637
1629	1276	610	552	2.594e-10	4.528e-12	93385
1000	1000	744	491	1.408e-09	2.247e-11	506881
1000	1629	3000	922	3.221e-10	5.433e-12	115957
1000	2655	3000	922	1.952e-10	3.53e-12	70273
1276	1000	1651	972	7.01e-10	1.293e-11	252360
1000	2655	1108	1	1.991e-10	3.471e-12	71677
1000	1629	1353	870	3.195e-10	5.549e-12	115021
1000	1841	2014	972	2.615e-10	4.746e-12	94141
1276	1276	500	469	1.014e-09	1.855e-11	365041
2350	3000	610	1	2.244e-10	3.341e-12	80785
1000	1841	744	727	3.117e-10	4.652e-12	112213
2350	1129	3000	425	1.352e-10	1.882e-12	48673
1841	1000	3000	990	3.688e-10	6.909e-12	132769
1000	1276	610	1	8.174e-10	1.193e-11	294265
1000	1841	1651	953	2.683e-10	4.933e-12	96588
1841	2655	500	406	7.409e-10	1.234e-11	266725
3000	1841	610	1	2.305e-10	3.537e-12	82981
1000	1841	2458	1	2.643e-10	4.71e-12	95149
2655	1841	500	214	6.715e-10	9.088e-12	241741
1000	2080	2014	640	2.265e-10	4.127e-12	81541
1442	3000	500	446	5.026e-10	9.418e-12	180937
1000	1442	2458	953	4.183e-10	7.081e-12	150589
3000	1442	610	1	2.543e-10	3.776e-12	91549
1841	2080	500	406	7.328e-10	1.238e-11	263809
1000	2080	2014	922	2.191e-10	3.916e-12	78877
1129	1276	1651	1104	3.663e-10	6.01e-12	131869
1629	1276	610	421	3.318e-10	4.781e-12	119449
1000	3000	1353	990	1.937e-10	3.517e-12	69732
1276	1841	500	336	7.754e-10	1.249e-11	279145
1000	1841	1651	990	2.653e-10	4.625e-12	95509
1000	3000	3000	870	1.888e-10	3.608e-12	67969
1000	1129	744	1	9.333e-10	1.313e-11	335989
1841	1629	500	406	7.432e-10	1.248e-11	267553
1841	1129	2458	1113	2.012e-10	3.609e-12	72433
1129	3000	500	336	8.025e-10	1.296e-11	288901
1000	1442	744	596	4.632e-10	6.4e-12	166753
1000	2655	500	1	9.068e-10	1.325e-11	326449
2655	1442	500	214	6.741e-10	9.271e-12	242677
1000	1442	2014	953	4.285e-10	7.331e-12	154261
1841	1000	744	715	3.902e-10	5.943e-12	140473
1000	2350	908	881	2.073e-10	2.927e-12	74629
3000	1000	610	552	3.308e-10	5.855e-12	119089
1276	1129	1651	1023	4.113e-10	6.407e-12	148069
2350	1276	500	214	7.267e-10	1.006e-11	261612
1276	2655	500	490	7.903e-10	1.449e-11	284509
1000	1129	1108	972	8.856e-10	1.448e-11	318817
1841	1000	500	336	1.05e-09	1.697e-11	378001
1841	1129	610	505	4.115e-10	6.477e-12	148141
2080	1129	500	336	8.476e-10	1.414e-11	305137
1442	2080	500	490	8.06e-10	1.523e-11	290161
1629	1000	908	834	3.991e-10	6.047e-12	143677
1000	2080	2014	990	2.238e-10	3.942e-12	80569
1000	1629	3000	983	3.275e-10	5.607e-12	117901
1841	1000	500	469	1.073e-09	1.924e-11	386281
1629	1000	500	1	1.128e-09	2.08e-11	406081
1000	2655	3000	640	1.945e-10	3.548e-12	70021
1629	1000	2014	1	3.986e-10	6.791e-12	143497
1000	1629	500	214	9.982e-10	1.379e-11	359352
1000	1276	744	734	6.419e-10	9.072e-12	231085
1442	2080	610	421	2.358e-10	3.224e-12	84889
1129	1000	2458	400	8.684e-10	1.335e-11	312625
3000	1129	500	214	7.629e-10	1.103e-11	274645
2350	1129	3000	1063	1.435e-10	2.353e-12	51661
1000	1129	1353	1	8.642e-10	1.453e-11	311113
1841	1000	610	1	5.668e-10	8.531e-12	204049
2655	1000	500	406	9.094e-10	1.527e-11	327385
1129	1276	744	658	4.364e-10	7.012e-12	157105
2350	1129	3000	1113	1.53e-10	2.748e-12	55080
1841	1000	610	505	5.571e-10	8.688e-12	200557
1000	1276	744	694	5.398e-10	7.609e-12	194329
1000	3000	3000	640	1.946e-10	3.526e-12	70057
1000	1841	908	358	2.551e-10	3.364e-12	91836
1000	2655	1108	983	2.065e-10	3.675e-12	74341
1000	1129	744	596	8.974e-10	1.494e-11	323065
1000	2080	2458	640	2.215e-10	3.97e-12	79741
1000	1129	2458	953	8.797e-10	1.484e-11	316693
1000	1276	1651	870	6.053e-10	9.996e-12	217909
1000	3000	1651	1	1.973e-10	3.635e-12	71029
1442	1000	2458	870	4.735e-10	6.906e-12	170460
2350	3000	610	271	2.077e-10	2.734e-12	74773
1442	1276	908	1	1.897e-10	2.925e-12	68293
1841	1129	2458	1119	2.068e-10	3.795e-12	74449
3000	1841	610	271	2.14e-10	2.865e-12	77041
1442	1000	1353	870	4.761e-10	6.552e-12	171397
1129	1129	1108	676	6.196e-10	1.038e-11	223057
2350	1129	3000	959	1.374e-10	1.875e-12	49465
1442	1129	500	336	1.021e-09	1.747e-11	367561
2350	1129	2458	690	1.309e-10	1.819e-12	47125
1000	2080	500	214	8.859e-10	1.196e-11	318925
1000	2655	1353	400	1.955e-10	3.555e-12	70381
1129	1442	610	1	4.673e-10	6.862e-12	168229
2350	1129	3000	690	1.316e-10	1.813e-12	47376
1629	1276	610	600	3.781e-10	6.662e-12	136117
3000	1442	610	271	2.363e-10	3.256e-12	85069
1000	1629	1651	784	3.186e-10	5.462e-12	114697
1841	1000	3000	640	3.279e-10	4.623e-12	118045
1000	1276	1651	400	5.864e-10	9.971e-12	211104
1000	1442	744	715	4.685e-10	7.206e-12	168661
1000	3000	3000	922	1.923e-10	3.441e-12	69229
1629	1276	744	491	1.922e-10	2.921e-12	69193
1000	1841	2014	640	2.627e-10	4.67e-12	94573
1276	1129	744	310	4.549e-10	6.973e-12	163765
1000	1629	610	552	3.594e-10	5.681e-12	129385
1129	1000	610	505	1.047e-09	1.552e-11	376921
1000	2655	3000	983	1.936e-10	3.525e-12	69697
1000	2655	1108	953	2.051e-10	3.837e-12	73837
1000	1442	744	1	4.841e-10	6.775e-12	174277
1000	1442	744	734	4.851e-10	7.359e-12	174637
1000	1442	3000	972	4.151e-10	7.136e-12	149437
1000	1629	500	446	7.222e-10	1.267e-11	259993
1000	2655	1353	870	2.041e-10	3.788e-12	73477
1000	1841	1651	870	2.545e-10	4.481e-12	91621
1000	1841	908	786	2.556e-10	3.605e-12	92017
1000	1442	908	575	4.204e-10	6.822e-12	151345
1000	1276	610	505	8.008e-10	1.268e-11	288289
1000	1442	2014	990	4.324e-10	7.313e-12	155664
1000	1629	1651	1	3.292e-10	5.742e-12	118513
2655	2655	500	482	7.637e-10	1.408e-11	274933
1000	1442	2014	400	4.235e-10	6.927e-12	152461
1000	3000	3000	784	1.905e-10	3.608e-12	68581
2655	1276	2458	1250	6.875e-11	1.164e-12	24751
2080	1129	500	446	6.434e-10	1.229e-11	231624
1442	1129	500	446	7.889e-10	1.429e-11	284005
1000	2655	1353	972	2.02e-10	3.677e-12	72721
1000	1276	610	592	8.161e-10	1.363e-11	293797
1841	1000	610	592	5.814e-10	9.298e-12	209304
2350	1129	500	336	8.484e-10	1.437e-11	305425
1442	2080	610	505	2.429e-10	3.86e-12	87445
1000	1841	2014	1	2.558e-10	4.44e-12	92089
1629	1276	610	577	3.513e-10	6.261e-12	126469
1000	1629	1353	400	3.298e-10	5.574e-12	118728
2350	1129	3000	856	1.305e-10	1.76e-12	46980
1442	3000	500	469	7.52e-10	1.41e-11	270721
2350	1629	500	482	7.793e-10	1.524e-11	280549
1000	1442	908	834	4.027e-10	5.573e-12	144973
1000	1129	2458	990	8.728e-10	1.457e-11	314209
1000	2080	2458	1	2.269e-10	4.073e-12	81685
1129	1129	908	863	6.255e-10	1.092e-11	225180
2655	1276	2458	1260	7.035e-11	1.306e-12	25326
1276	1000	908	706	6.456e-10	9.626e-12	232417
1000	1442	500	1	1.159e-09	1.685e-11	417241
